200
1 2
2 3
3 4
4 5
5 6
6 7
7 8
8 9
9 10
10 11
11 12
12 13
13 14
14 15
15 16
16 17
17 18
18 19
19 20
20 21
21 22
22 23
23 24
24 25
25 26
26 27
27 28
28 29
29 30
30 31
31 32
32 33
33 34
34 35
35 36
36 37
37 38
38 39
39 40
40 41
41 42
42 43
43 44
44 45
45 46
46 47
47 48
48 49
49 50
50 51
51 52
52 53
53 54
54 55
55 56
56 57
57 58
58 59
59 60
60 61
61 62
62 63
63 64
64 65
65 66
66 67
67 68
68 69
69 70
70 71
71 72
72 73
73 74
74 75
75 76
76 77
77 78
78 79
79 80
80 81
81 82
82 83
83 84
84 85
85 86
86 87
87 88
88 89
89 90
90 91
91 92
92 93
93 94
94 95
95 96
96 97
97 98
98 99
99 100
100 101
101 102
102 103
103 104
104 105
105 106
106 107
107 108
108 109
109 110
110 111
111 112
112 113
113 114
114 115
115 116
116 117
117 118
118 119
119 120
120 121
121 122
122 123
123 124
124 125
125 126
126 127
127 128
128 129
129 130
130 131
131 132
132 133
133 134
134 135
135 136
136 137
137 138
138 139
139 140
140 141
141 142
142 143
143 144
144 145
145 146
146 147
147 148
148 149
149 150
150 151
151 152
152 153
153 154
154 155
155 156
156 157
157 158
158 159
159 160
160 161
161 162
162 163
163 164
164 165
165 166
166 167
167 168
168 169
169 170
170 171
171 172
172 173
173 174
174 175
175 176
176 177
177 178
178 179
179 180
180 181
181 182
182 183
183 184
184 185
185 186
186 187
187 188
188 189
189 190
190 191
191 192
192 193
193 194
194 195
195 196
196 197
197 198
198 199
199 200
1 200
184 134
117 140
191 60
183 163
77 67
99 116
8 178
136 7
8 68
128 117
159 188
93 28
74 61
42 11
2 66
139 126
67 106
47 113
3 9
127 74
71 148
14 121
109 153
127 166
7 109
121 40
125 133
179 52
190 181
136 156
152 101
128 126
139 193
6 93
129 135
142 83
193 94
194 78
88 39
182 124
99 53
168 30
104 138
139 28
138 164
45 114
87 28
80 163
64 118
110 188
140 41
83 79
156 160
133 119
67 32
132 100
16 104
154 54
182 21
179 144
32 95
125 46
193 108
175 158
149 86
5 104
193 200
189 192
70 2
61 138
192 171
8 26
99 129
41 198
46 31
63 2
66 74
11 78
172 99
9 120
7 114
180 40
141 187
152 105
29 5
116 133
70 25
117 180
61 184
55 76
74 7
85 127
56 198
26 151
49 182
10 85
11 112
152 121
48 195
14 179
144 60
183 102
145 161
109 198
163 180
146 7
162 124
77 148
114 61
50 60
142 57
149 14
162 91
77 1
93 2
13 108
199 180
135 2
157 85
41 66
144 188
51 124
187 100
74 151
43 121
114 156
43 63
142 116
84 192
175 134
62 161
131 58
178 140
19 171
94 42
37 108
81 49
62 75
32 90
19 104
111 49
86 182
125 165
32 166
68 39
68 42
104 54
120 115
1 13
159 38
9 149
106 29
127 87
180 42
71 36
49 146
125 62
23 61
137 79
121 89
183 100
128 69
15 165
119 50
198 82
196 177
78 172
130 41
44 129
26 127
84 71
127 37
12 8
61 132
13 80
173 32
158 64
121 168
80 142
97 95
7 108
61 144
138 103
90 168
1 113
146 161
87 150
16 187
188 88
140 160
94 156
176 141
145 87
117 153
66 140
31 150
7 115
31 15
22 57
29 69
11 152
72 113
57 106
139 83
37 20
29 73
11 67
12 176
90 51
181 58
93 5
40 56
84 120
185 124
145 118
170 107
9 107
176 94
184 129
195 13
50 109
32 99
71 120
58 112
164 37
160 185
23 79
44 13
76 94
166 25
7 120
36 140
83 19
181 27
88 151
133 71
127 96
151 13
139 43
67 1
45 86
178 45
160 166
55 141
183 41
175 58
186 132
169 177
147 110
112 115
61 42
118 150
139 100
118 126
85 131
145 138
198 120
109 80
158 162
1 119
5 11
80 158
121 90
185 116
72 24
64 165
16 162
195 62
79 188
86 92
164 57
47 167
127 179
25 43
103 33
93 8
10 194
196 161
63 13
65 93
135 63
142 60
26 137
151 93
55 3
182 10
23 80
115 61
65 142
23 166
28 107
111 37
104 133
74 99
32 197
179 67
138 168
148 181
137 200
87 84
20 9
86 167
107 177
67 15
65 188
147 149
52 150
163 58
107 174
72 33
177 62
159 75
179 76
39 30
35 190
98 59
85 52
70 57
28 150
194 136
10 101
22 52
62 115
133 142
82 64
70 115
115 124
57 79
95 10
41 146
24 159
97 109
67 161
63 153
112 133
63 138
150 62
85 75
142 55
61 69
145 14
140 80
188 113
155 168
29 191
76 149
132 127
44 27
100 80
197 119
29 140
70 72
106 117
91 177
141 132
77 101
71 31
10 189
158 145
108 4
21 186
15 132
114 32
96 43
173 27
138 96
27 89
52 83
154 66
74 104
74 122
32 18
178 87
87 38
105 7
104 20
46 159
75 79
191 183
110 151
140 120
86 120
148 59
170 180
120 143
9 160
113 158
68 29
113 125
130 96
35 132
77 117
12 51
159 20
162 95
178 104
133 186
53 69
183 17
175 37
120 10
158 156
47 173
126 123
50 21
134 83
11 89
42 59
107 92
6 87
28 90
124 1
136 12
106 63
43 183
18 25
129 183
134 193
145 74
192 130
163 154
27 122
27 32
161 97
190 30
182 18
185 74
199 195
71 190
48 19
21 107
104 112
49 29
9 135
29 15
23 82
26 104
51 163
15 39
195 22
27 146
58 195
194 19
183 47
17 65
29 172
26 71
167 82
3 193
136 3
82 43
111 7
23 160
66 38
39 6
35 120
64 144
136 150
170 168
167 51
49 12
8 13
68 91
49 71
189 34
153 22
141 67
80 189
109 191
25 144
150 103
177 32
2 58
42 124
169 48
150 157
15 17
154 181
186 142
149 50
77 104
3 122
164 76
22 189
73 152
116 76
46 157
152 144
181 198
27 113
185 78
14 98
176 148
81 149
102 137
153 186
199 30
102 187
68 155
149 51
195 113
110 155
162 21
113 145
120 102
13 149
83 11
182 192
183 51
138 84
125 134
55 28
179 79
32 167
106 69
29 3
140 128
10 160
70 29
47 124
72 90
168 101
143 8
36 49
192 144
190 180
93 148
7 122
56 169
179 194
34 87
155 109
9 159
126 140
120 134
171 58
100 87
169 88
82 90
18 90
3 197
43 19
94 85
86 200
113 185
65 102
45 11
60 140
73 167
200 140
110 129
161 139
126 117
122 12
149 154
108 26
161 82
181 28
67 178
155 150
43 199
160 135
99 191
41 174
44 78
21 121
54 111
11 104
16 155
133 50
189 131
24 14
3 12
188 3
19 134
112 193
28 177
3 158
124 140
195 163
149 73
52 182
10 161
174 196
130 42
38 168
33 69
171 42
1 135
46 163
1 144
137 61
102 167
56 113
149 107
124 95
186 36
188 165
146 183
37 2
174 81
164 183
69 94
12 1
26 16
80 198
32 190
14 169
112 70
102 26
28 158
6 188
170 156
116 23
125 26
195 59
7 110
93 130
44 37
186 65
131 192
86 133
2 185
4 96
117 35
20 77
24 138
86 10
157 122
144 137
20 4
87 155
159 1
116 71
106 102
194 66
83 21
120 187
22 102
87 40
56 109
71 61
58 35
179 169
9 168
175 154
182 125
172 53
107 169
50 74
46 88
49 160
117 66
31 44
88 76
50 166
117 177
184 196
3 72
50 77
43 148
36 128
11 113
22 137
81 142
133 20
75 8
160 82
58 151
30 127
122 72
167 76
12 151
96 181
104 113
97 110
32 11
31 54
8 86
10 87
174 28
96 56
100 27
14 20
197 144
157 127
135 189
38 90
28 120
128 50
153 6
37 93
180 136
119 189
165 49
30 14
78 102
66 123
101 59
39 50
194 28
144 106
1 3
100 115
113 115
138 47
86 199
28 137
139 5
35 124
133 157
149 87
54 10
20 144
39 139
7 178
161 72
132 139
23 125
3 100
168 132
191 197
156 151
118 140
57 144
198 172
26 106
83 104
5 90
12 7
34 169
123 129
187 85
188 86
198 24
46 172
111 65
140 45
169 105
107 135
26 168
36 12
151 161
11 140
45 157
127 171
7 71
50 172
113 199
196 176
30 81
46 100
156 85
16 60
45 175
79 29
138 22
192 54
127 71
72 114
35 97
74 166
155 73
102 73
7 176
68 113
147 48
183 190
26 81
87 76
160 97
150 117
13 153
176 136
32 78
135 183
163 61
102 83
83 32
85 110
179 142
47 111
122 184
149 42
187 123
46 40
5 82
159 109
107 29
96 78
48 80
190 110
35 5
85 136
29 195
122 186
181 189
99 173
178 51
69 188
126 40
139 4
145 3
26 181
100 125
30 73
78 46
25 155
115 130
17 81
73 104
24 87
8 110
148 110
103 96
145 142
107 58
19 41
143 161
97 47
122 98
55 23
157 200
5 114
79 85
24 157
167 127
67 75
8 153
96 124
189 52
108 78
30 160
175 92
18 6
184 147
192 141
162 171
126 166
158 39
4 40
126 30
188 182
86 64
168 109
71 112
103 71
87 65
32 42
75 173
22 198
102 115
112 176
139 63
69 11
166 191
31 97
103 173
174 200
25 136
38 103
187 125
18 151
181 138
1 155
26 68
84 170
56 143
158 89
120 152
140 65
109 83
19 191
143 101
68 140
165 132
73 169
196 138
197 181
89 165
166 49
74 76
96 53
76 45
31 129
79 4
65 183
148 133
36 151
25 23
82 131
180 33
41 43
186 94
56 159
35 49
85 81
72 163
175 31
88 137
60 27
9 192
38 117
124 7
23 196
127 16
160 188
164 39
100 86
14 69
94 58
46 185
25 50
83 40
99 152
64 117
123 12
196 124
116 62
75 167
197 166
91 46
141 56
55 197
136 101
128 52
154 110
55 97
42 200
156 173
131 42
45 21
54 148
88 127
54 36
170 194
150 167
45 134
112 116
185 6
102 194
57 94
39 18
180 183
107 97
192 75
152 77
43 119
66 80
190 48
140 172
57 138
195 189
78 60
98 196
50 79
35 47
79 156
62 48
17 200
120 129
165 169
14 45
89 95
4 159
21 76
85 120
69 34
28 167
186 120
43 153
191 72
194 149
108 21
91 152
125 22
143 12
121 5
52 27
62 160
10 104
61 129
157 74
187 106
103 24
124 152
108 97
194 34
134 94
94 35
4 167
55 11
127 129
95 48
190 103
137 154
69 168
88 108
11 46
39 166
168 192
82 39
149 138
82 183
138 40
162 74
193 124
105 181
67 6
100 25
149 18
147 58
87 5
116 54
196 34
106 152
123 91
119 10
128 84
57 112
117 2
163 117
137 45
76 27
95 119
59 143
103 90
93 163
20 71
72 187
149 122
125 95
134 27
25 39
176 42
78 63
29 164
170 49
119 174
11 92
114 132
32 149
51 86
196 145
159 196
36 148
22 64
67 130
178 85
98 107
145 88
54 160
103 98
108 22
164 140
52 107
33 2
16 192
37 122
160 198
31 114
52 122
116 15
4 71
156 47
92 44
18 69
111 128
70 38
125 119
130 55
117 136
168 3
116 173
34 1
60 38
110 143
53 34
5 61
138 188
126 24
54 120
171 61
45 85
136 37
14 96
47 93
137 11
134 41
16 69
170 69
68 37
99 176
11 164
161 83
105 30
136 178
185 192
114 125
188 163
7 83
70 78
167 8
170 79
131 64
10 90
3 113
177 90
176 116
21 29
130 174
18 58
141 24
8 44
1 66
110 94
77 48
194 24
108 123
152 50
27 62
13 67
57 99
170 34
37 189
16 107
124 41
120 18
88 158
36 108
86 95
190 61
62 182
162 184
16 121
3 102
153 23
34 183
71 37
77 65
140 88
98 166
189 193
55 157
121 7
60 45
169 71
106 116
81 29
64 59
62 100
81 200
32 25
21 70
120 29
142 52
18 53
24 108
133 155
87 124
181 111
33 96
10 14
118 197
120 47
138 175
35 100
54 186
81 134
190 173
149 66
55 22
152 113
199 101
32 139
8 155
134 78
99 135
11 37
167 134
1 105
33 10
126 109
191 108
194 177
33 169
155 192
118 114
136 55
184 125
39 87
183 28
164 110
27 154
73 148
183 19
161 191
75 87
46 142
78 130
71 91
95 35
66 181
89 146
31 142
145 52
114 54
23 39
61 47
198 49
87 173
108 5
119 199
45 158
180 146
58 85
13 121
69 7
49 2
95 63
107 112
195 41
59 72
151 128
153 96
156 196
19 168
181 109
168 191
73 15
20 23
161 37
160 86
183 140
76 134
178 106
113 131
87 175
20 115
134 152
119 56
147 94
98 50
102 49
9 188
168 15
57 5
122 6
41 99
39 128
180 62
185 153
152 143
23 57
178 126
123 116
32 82
131 127
55 8
142 89
166 152
189 191
137 179
9 106
149 127
86 71
55 93
128 96
174 91
72 31
133 77
124 184
142 33
56 133
85 71
47 103
25 191
156 107
153 139
189 42
8 116
122 29
17 44
189 48
166 52
2 96
53 7
65 35
117 32
161 94
1 188
88 82
45 100
185 103
119 52
114 29
170 195
135 127
166 111
199 107
12 77
173 97
69 60
169 190
182 104
153 55
6 192
43 136
88 112
31 156
120 33
23 181
175 77
95 151
106 74
12 150
183 60
62 76
54 132
134 116
47 40
38 165
123 196
91 108
196 94
45 28
173 142
195 91
62 89
192 63
119 16
106 189
112 29
126 199
41 77
144 10
199 111
23 131
110 9
101 86
106 181
34 90
146 5
132 8
79 180
94 112
79 100
130 118
162 169
30 37
155 14
152 176
77 118
42 172
118 58
31 73
14 166
48 25
158 11
195 141
7 170
182 128
72 87
170 135
16 31
93 23
167 6
62 189
165 186
128 103
50 157
166 156
189 127
109 74
170 162
180 38
162 10
67 156
27 170
75 174
62 95
148 124
139 104
38 111
152 64
112 125
173 139
188 164
41 57
95 198
87 147
165 195
143 38
173 195
64 124
49 95
76 96
33 11
1 193
68 88
130 145
165 199
176 87
64 128
139 77
65 148
30 97
56 45
2 142
41 148
150 185
199 161
134 85
110 124
120 55
79 93
28 64
54 162
108 61
12 14
18 199
65 190
70 90
194 80
165 126
12 4
120 151
15 21
109 4
24 18
89 37
137 49
144 103
166 90
71 35
69 180
63 24
86 136
115 140
65 187
140 15
14 186
126 136
3 105
185 140
192 68
197 157
63 180
58 132
77 130
139 47
26 91
89 71
75 139
131 84
186 77
47 158
58 153
111 120
18 174
43 169
183 186
109 118
178 125
114 182
140 57
22 20
7 180
174 189
163 184
40 75
6 157
159 124
47 147
150 37
49 183
161 188
3 95
180 77
94 152
108 144
66 15
176 69
186 181
125 195
163 134
49 53
71 177
6 152
92 2
92 35
68 93
37 104
10 77
126 158
115 142
80 72
54 67
6 88
126 4
133 136
9 163
82 172
70 75
123 165
117 40
110 133
74 103
104 57
113 183
175 84
18 52
109 72
97 199
17 135
98 91
180 56
64 56
157 153
98 167
103 19
190 76
107 167
36 29
80 116
20 100
128 91
164 62
114 162
107 67
156 99
175 152
5 16
36 47
97 136
195 50
65 91
104 9
137 71
35 193
112 154
79 181
69 67
128 155
119 64
123 164
145 149
100 161
72 39
175 56
43 64
69 197
44 104
39 160
43 53
181 116
161 107
129 63
25 170
80 183
126 5
17 122
181 137
179 22
162 111
30 100
45 200
90 24
34 107
189 182
181 12
114 106
77 125
185 115
165 1
123 35
116 96
165 179
128 192
156 149
119 24
190 152
126 174
8 63
179 97
134 176
39 107
116 51
179 90
116 139
193 172
81 113
21 23
27 2
68 98
86 189
108 185
131 57
37 81
163 21
183 134
177 64
25 104
28 133
179 193
42 184
185 1
119 13
16 59
102 82
67 9
70 11
7 64
122 173
16 49
83 78
158 108
17 83
158 171
151 157
112 41
63 65
88 78
79 88
162 193
128 17
197 36
48 181
31 89
87 7
100 14
100 1
65 94
16 134
53 50
107 103
128 4
26 51
182 157
171 80
86 43
14 198
145 193
25 193
137 44
130 132
15 160
84 157
105 48
35 79
123 40
146 74
171 124
18 62
166 36
82 140
61 86
160 112
106 156
136 77
178 1
127 65
150 121
46 36
60 32
71 55
64 135
2 5
94 46
71 43
38 35
23 19
4 191
151 96
120 2
89 185
110 163
160 94
67 134
43 173
47 45
170 119
142 123
4 105
29 18
40 199
93 141
150 94
155 172
149 97
137 58
122 180
138 191
5 132
1 140
83 129
94 78
20 86
51 22
7 145
117 75
81 152
150 26
187 9
36 38
105 153
17 140
166 189
169 97
34 25
172 61
1 166
187 154
9 196
105 149
82 200
16 199
66 127
62 50
15 47
26 34
118 60
137 56
88 141
168 129
77 43
176 75
144 128
195 33
137 121
100 118
196 51
66 105
137 143
148 89
17 92
122 33
180 148
43 187
74 137
124 24
59 40
99 9
18 8
128 138
108 196
36 91
86 121
110 156
121 164
141 105
183 172
91 127
43 46
48 156
35 64
137 32
142 194
68 97
83 95
97 63
37 162
76 3
4 184
42 16
72 103
22 2
102 47
125 40
138 72
31 116
7 162
92 179
124 167
164 151
200 36
185 17
192 88
107 65
100 29
102 89
109 186
51 106
107 125
146 174
143 20
25 183
104 183
199 42
139 120
141 149
51 37
127 153
199 68
64 178
49 65
5 94
90 139
141 125
118 68
130 73
112 174
30 95
26 74
106 81
141 13
51 38
119 127
121 53
129 181
174 27
94 21
124 44
108 101
135 149
166 106
85 26
129 9
126 86
15 156
79 152
123 181
10 61
163 75
104 62
57 187
191 147
151 51
76 38
166 200
54 97
23 100
165 63
128 79
75 145
138 150
106 83
55 145
188 37
60 44
141 167
82 41
71 42
100 138
137 175
141 158
2 55
37 128
200 152
26 130
58 152
14 187
134 189
178 141
3 36
129 126
172 142
140 191
28 190
11 59
19 66
153 84
175 140
184 27
15 174
189 89
17 30
17 186
90 50
27 143
135 172
109 95
50 82
71 82
149 132
84 176
10 36
82 87
169 155
125 75
8 2
35 16
73 11
12 41
158 198
77 32
61 189
27 189
70 170
42 75
155 39
118 151
153 66
103 26
121 174
65 1
55 5
183 61
130 107
32 186
79 39
142 138
66 70
34 10
172 134
77 51
44 186
164 155
122 185
32 185
126 43
125 155
192 161
2 16
48 12
10 124
175 40
153 1
186 48
4 60
15 188
122 53
195 28
73 50
132 185
119 70
139 34
199 147
51 41
108 41
175 107
31 77
45 32
144 63
73 175
160 102
50 129
35 171
118 22
15 117
1 116
104 55
120 188
174 2
50 16
2 140
144 169
150 50
127 154
57 148
108 3
55 193
90 193
181 62
176 13
20 153
30 118
191 115
139 72
189 36
41 9
114 144
71 129
147 161
92 187
180 101
137 93
159 157
200 186
158 135
26 116
26 3
120 42
22 40
190 54
11 60
162 137
110 18
68 117
54 77
137 195
86 135
74 150
186 137
61 142
177 15
154 106
32 92
87 139
8 121
108 197
165 161
25 156
50 146
83 87
61 135
175 108
97 171
186 47
128 75
65 197
157 178
39 70
15 171
30 179
190 34
142 111
153 123
78 112
24 53
6 56
139 119
90 20
103 10
144 164
139 169
137 2
66 28
111 56
31 122
133 67
191 2
66 122
55 19
161 76
178 111
138 147
18 56
60 90
2 87
84 5
54 165
117 94
117 139
163 196
4 62
137 20
106 150
142 56
110 102
102 40
101 69
4 2
198 134
96 62
182 24
118 16
68 12
86 197
27 139
21 16
132 26
79 176
38 22
43 79
169 132
96 159
184 190
174 84
94 18
6 46
16 77
109 124
125 156
123 5
74 110
41 92
184 59
191 172
75 148
6 81
25 187
43 155
145 140
58 177
24 169
113 150
55 43
22 74
34 184
1 89
86 144
70 110
84 135
98 190
197 121
100 174
192 127
85 3
110 89
144 46
36 74
170 51
120 3
137 177
38 137
129 164
172 164
30 88
187 140
14 148
47 144
119 79
1 33
159 88
54 191
17 94
79 70
51 3
194 72
56 4
197 38
176 25
138 111
68 189
97 22
69 4
178 35
145 175
136 106
22 148
21 140
185 145
173 138
41 135
102 13
64 98
81 24
187 104
97 119
138 113
13 139
50 37
192 7
138 127
131 182
42 95
193 52
147 180
196 22
27 149
48 164
189 28
89 119
84 90
191 92
131 51
34 76
72 104
73 42
34 195
51 100
77 141
12 107
104 96
118 183
87 9
12 108
180 119
43 3
135 113
71 98
146 113
21 1
153 124
104 32
78 36
181 192
119 104
104 198
110 170
37 157
183 73
198 105
158 167
191 194
8 180
173 71
109 17
109 18
111 123
34 101
15 69
89 25
31 93
19 158
92 45
157 43
65 134
174 24
80 178
119 91
102 91
29 50
180 74
115 65
172 90
93 80
68 190
168 157
161 117
39 33
22 107
145 176
18 83
156 21
122 102
68 156
189 101
27 187
160 71
122 129
153 24
75 121
179 191
70 172
53 40
33 85
102 153
95 116
7 3
99 118
196 82
52 172
69 115
183 196
180 115
185 72
103 192
16 101
196 69
179 16
199 142
56 125
85 160
76 174
53 64
35 195
76 72
119 163
6 130
172 64
32 62
74 2
76 67
190 13
100 12
120 174
129 143
154 67
71 90
130 113
136 39
73 33
1 10
195 30
117 96
105 101
176 168
156 69
96 24
77 168
81 102
121 82
80 30
30 15
178 48
197 49
84 121
85 70
125 54
72 146
96 164
104 69
102 72
117 179
183 89
133 173
150 169
145 94
88 75
42 58
98 35
32 97
105 19
87 169
198 137
197 64
174 109
189 200
22 31
48 34
26 83
97 143
28 76
126 1
47 51
73 76
172 1
13 5
100 198
197 104
41 61
168 171
120 133
86 171
58 146
165 95
148 104
78 127
134 4
125 90
140 76
42 54
128 197
196 60
42 84
86 103
62 124
18 138
185 33
43 8
17 4
28 198
162 138
49 62
73 13
1 181
197 85
10 79
118 4
140 31
55 115
158 63
142 152
20 103
159 105
45 42
93 164
129 108
172 24
127 134
73 128
72 91
41 143
13 47
159 150
29 184
40 166
143 69
168 135
77 109
71 107
37 67
19 115
125 71
82 149
77 162
180 140
185 166
13 130
58 194
12 164
41 30
24 60
180 66
46 1
85 193
26 53
8 102
170 72
135 47
119 121
185 57
36 14
40 173
165 189
124 25
112 184
192 151
68 188
68 149
29 147
185 97
75 189
84 110
191 89
181 118
65 193
58 156
145 198
119 46
40 193
79 89
78 114
157 76
133 114
146 95
40 182
94 33
8 185
139 6
123 17
169 110
146 9
38 118
35 29
17 73
120 80
181 6
108 171
192 179
3 191
96 179
49 173
127 49
48 184
120 199
6 124
73 24
180 14
116 70
109 43
161 110
59 30
49 1
45 128
38 112
162 101
139 154
116 157
139 163
56 86
81 96
197 152
8 182
138 16
41 106
118 24
162 119
160 123
51 2
148 186
2 71
166 76
29 95
126 137
120 57
107 41
74 168
186 100
162 33
145 71
185 65
117 17
71 147
92 68
124 94
118 175
15 78
113 52
164 150
116 14
122 95
90 127
87 129
179 23
75 103
199 135
26 10
35 115
139 136
69 102
121 193
122 75
131 3
109 41
3 74
79 46
24 26
36 104
55 85
151 62
151 75
121 162
28 6
69 27
130 188
61 51
78 17
150 181
4 26
190 40
114 88
126 38
175 70
191 35
123 163
159 79
120 109
29 134
187 194
83 58
7 34
50 199
32 163
106 21
120 166
151 185
35 158
130 37
156 130
121 178
159 91
29 178
82 66
54 29
177 68
191 110
175 105
20 81
112 139
66 42
130 103
163 15
148 60
121 44
2 7
71 122
162 8
57 121
132 31
101 99
140 13
163 187
132 19
106 115
71 94
193 186
131 185
200 130
120 158
185 172
171 24
150 182
119 191
191 118
33 91
12 15
18 31
51 67
182 121
44 39
43 125
172 150
117 22
117 113
180 15
91 145
115 138
22 193
101 109
139 24
187 95
43 87
147 16
137 199
67 189
144 40
166 66
25 145
76 112
57 4
67 129
172 166
38 42
151 129
5 165
118 50
89 186
104 114
57 158
27 23
160 167
119 128
135 79
16 95
91 39
83 42
97 111
41 188
85 162
62 98
163 132
81 163
60 43
147 121
167 58
46 12
94 45
182 92
115 58
110 194
26 22
100 82
55 38
116 43
172 136
144 93
162 92
141 144
74 100
49 135
63 143
24 186
139 184
108 10
11 173
68 22
99 5
65 70
156 172
144 122
184 80
83 159
159 73
27 14
182 102
88 70
31 98
70 83
20 185
82 135
128 183
160 127
193 115
164 162
172 190
170 120
151 44
193 62
175 67
186 106
62 56
133 182
76 10
130 189
135 144
140 107
8 74
124 84
151 37
24 42
119 37
192 146
146 193
122 189
101 144
81 132
60 56
182 51
47 65
88 52
30 139
109 131
99 94
140 9
174 105
14 90
134 69
53 38
73 77
58 36
153 133
150 63
11 39
10 81
121 141
2 167
77 91
76 102
21 100
53 164
28 15
167 108
123 61
39 125
77 18
93 146
92 143
27 131
66 46
18 66
198 4
15 20
95 157
53 103
163 118
2 84
122 116
24 20
33 60
32 46
128 2
191 33
98 116
196 36
5 34
90 113
198 156
19 169
19 86
13 198
140 147
83 41
119 67
186 146
66 187
117 93
41 181
86 141
15 194
145 120
13 161
146 85
48 145
152 164
79 147
186 173
178 49
55 61
123 30
74 18
39 52
13 23
106 46
120 179
128 139
86 97
188 70
198 69
29 127
135 126
144 154
29 22
176 182
58 120
180 175
112 200
139 129
52 140
198 87
60 186
5 195
81 31
151 4
137 130
23 175
61 6
150 153
68 124
57 186
137 55
199 29
6 34
47 9
50 40
123 189
51 139
9 29
200 185
66 94
152 8
176 56
9 148
62 143
122 118
135 139
38 130
140 54
24 35
58 78
154 172
167 45
175 127
176 181
65 6
163 175
113 79
16 200
145 15
175 34
127 95
168 130
115 125
130 111
63 160
158 109
146 19
117 23
170 106
112 34
46 123
158 184
48 22
106 146
21 158
10 29
26 190
47 90
48 54
159 61
194 2
23 8
197 133
56 152
104 31
109 69
125 49
85 101
65 72
149 49
45 184
193 97
167 53
161 8
189 187
135 3
79 16
193 13
122 93
66 129
43 10
51 168
94 191
57 33
1 173
181 175
156 135
84 93
103 34
168 195
191 64
27 4
147 124
199 125
164 6
23 135
34 15
71 46
90 59
187 54
80 82
123 169
68 74
175 41
18 197
24 101
142 9
134 156
39 130
186 11
163 105
27 64
95 200
38 110
142 153
184 110
147 31
21 48
90 87
51 108
113 93
126 183
95 196
141 66
130 134
164 196
47 141
178 69
19 107
17 121
6 13
91 94
29 145
75 182
152 131
122 86
96 162
174 52
4 32
108 121
15 53
150 65
193 12
169 69
117 124
8 87
156 127
69 152
197 162
95 12
45 150
95 53
107 36
25 22
199 183
129 74
155 170
107 81
39 55
197 200
175 93
137 24
49 52
199 184
124 199
109 184
186 91
181 178
36 109
163 84
179 116
122 43
96 169
19 45
129 45
11 34
15 84
143 115
192 158
154 82
49 75
195 133
178 65
133 108
117 31
2 14
135 89
152 191
82 45
69 173
19 121
68 73
94 2
30 9
47 76
68 106
164 136
14 39
20 58
20 12
173 13
184 3
94 100
102 125
69 148
155 130
154 166
141 4
69 84
19 156
185 170
54 196
193 144
193 191
11 63
184 177
19 6
182 82
86 13
172 20
195 73
156 10
16 174
193 83
109 188
99 1
95 186
178 187
85 150
94 198
46 93
108 156
115 85
153 25
35 57
182 25
20 150
76 20
78 95
187 82
6 64
29 190
153 131
26 65
12 116
105 115
101 141
57 88
81 159
137 128
72 184
135 48
13 199
113 174
140 69
65 131
163 88
103 48
184 171
119 80
195 130
76 186
91 50
16 75
116 11
136 186
122 63
97 101
5 96
64 50
164 77
63 33
64 148
133 149
33 117
17 198
75 110
100 116
163 182
79 111
118 161
47 189
123 15
107 147
36 79
54 45
179 51
144 81
177 86
87 199
1 168
64 192
181 187
195 26
102 28
123 144
137 119
193 28
152 170
42 78
72 51
173 51
81 59
161 81
197 169
157 177
47 197
134 18
104 64
158 95
33 143
70 47
87 179
87 184
119 154
143 34
195 93
132 24
90 67
136 142
197 160
198 31
117 58
35 141
10 30
156 27
199 121
90 64
12 31
60 124
24 129
50 67
166 10
126 154
123 23
96 160
117 187
88 133
2 163
76 26
65 36
67 191
116 44
132 69
110 72
115 16
97 135
70 158
130 82
116 183
10 47
126 13
154 184
119 106
49 153
109 148
13 188
124 89
144 173
194 77
161 128
3 157
169 4
169 75
93 136
30 152
128 158
169 119
42 12
28 162
121 155
26 98
131 76
96 149
46 134
175 168
94 37
72 13
25 9
60 96
53 173
187 185
79 144
174 50
98 83
84 106
118 73
151 189
53 30
111 34
168 114
181 170
161 58
150 163
126 8
168 158
44 7
109 53
38 106
150 25
58 23
173 9
154 135
14 80
136 195
128 180
99 51
56 44
190 155
32 146
142 164
88 116
145 32
84 113
9 44
152 80
36 2
195 149
135 39
98 115
184 148
103 64
38 83
165 78
95 190
58 74
63 130
193 86
115 127
108 96
8 133
199 53
90 55
154 58
45 75
23 127
144 76
149 152
40 145
11 48
21 125
128 130
9 176
108 172
127 144
188 38
138 192
194 68
59 28
47 87
2 34
4 171
96 184
70 185
119 92
160 90
73 83
28 148
74 9
120 64
60 85
91 17
50 31
119 40
52 138
41 142
5 167
132 4
156 116
78 200
11 75
126 175
13 16
102 155
3 130
65 182
10 175
160 19
151 191
123 84
38 75
4 68
37 35
41 89
11 18
159 45
19 64
113 43
112 12
67 140
121 191
69 137
20 87
50 198
116 22
113 83
68 200
90 106
1 58
190 80
12 91
166 179
188 157
92 31
96 111
2 90
157 164
175 159
194 57
120 61
62 94
145 18
191 15
144 166
170 11
138 90
148 11
181 131
25 53
166 138
117 24
85 174
2 25
190 187
192 173
111 191
60 103
104 150
171 17
191 124
115 71
80 153
9 60
76 110
11 171
66 64
154 46
171 130
14 91
137 129
119 22
62 8
50 184
22 122
50 175
152 114
66 109
41 129
81 98
60 25
24 200
104 24
28 129
104 50
185 193
86 22
112 40
198 2
125 159
167 78
22 53
125 18
175 197
91 151
198 162
131 119
42 40
98 130
131 139
82 98
52 197
177 131
17 39
159 26
81 128
90 192
103 172
74 105
38 102
113 74
166 153
39 149
127 82
27 38
94 171
190 121
106 86
130 173
184 81
35 23
129 199
18 196
170 55
192 42
165 114
41 126
181 199
62 198
170 67
133 31
26 23
199 190
125 116
88 186
126 18
52 194
67 73
199 83
17 56
81 151
162 25
33 119
89 32
151 132
119 90
67 197
72 180
58 103
114 26
189 82
170 10
89 134
42 187
38 45
111 108
47 160
88 19
64 85
73 75
179 95
20 165
94 131
10 92
25 169
83 65
108 86
33 148
93 51
172 15
110 90
117 16
60 147
171 90
184 104
152 52
185 180
190 96
127 32
38 196
155 23
39 22
16 109
112 50
176 1
14 153
70 141
16 34
67 146
145 22
186 86
18 107
28 86
96 91
98 102
194 22
133 146
157 139
115 50
113 137
51 75
72 84
140 39
118 90
159 129
129 187
10 22
116 37
28 172
104 61
154 152
195 162
111 169
193 18
123 2
79 18
148 165
103 85
62 2
1 45
20 80
47 187
163 40
20 148
6 30
109 87
183 122
60 132
55 98
160 104
15 162
180 70
59 103
165 18
58 179
8 37
67 193
166 18
83 180
6 141
193 71
109 94
193 47
4 48
160 6
150 3
143 180
19 87
102 46
181 127
199 170
192 57
147 56
16 194
158 53
4 114
38 179
32 111
123 104
110 86
154 176
142 107
197 183
42 96
58 169
37 57
118 159
53 149
160 116
61 195
119 112
189 56
155 148
63 104
171 99
136 45
19 80
191 178
48 179
181 151
187 170
137 185
130 31
86 14
41 167
167 63
57 198
74 11
85 91
147 173
115 79
136 35
51 76
57 109
26 110
20 51
187 77
32 54
183 98
156 29
172 120
188 12
184 114
110 153
27 83
42 88
150 122
13 135
173 114
173 113
22 199
72 45
184 64
98 89
63 42
139 150
43 51
170 44
61 187
20 47
35 15
105 182
133 52
13 125
156 124
124 71
38 184
154 2
187 75
61 101
111 23
37 139
169 12
40 143
74 160
55 78
27 63
55 159
127 21
102 4
85 125
37 160
131 14
23 70
35 111
7 116
110 65
51 189
153 140
124 122
183 57
76 41
147 159
146 138
138 123
81 145
78 41
124 175
92 81
194 184
12 175
138 159
58 158
168 49
116 52
73 49
2 32
129 155
61 106
75 44
136 53
27 7
79 38
14 194
27 36
127 92
112 146
191 42
8 158
44 52
137 125
149 54
131 97
7 150
30 109
170 108
113 5
130 92
37 154
75 137
65 159
18 119
170 54
196 21
147 127
80 154
67 22
13 101
130 119
140 20
114 181
143 96
158 139
160 103
185 128
69 124
28 13
128 115
184 143
119 183
114 71
80 50
175 131
92 105
109 21
173 5
40 122
88 106
189 157
42 6
120 92
181 21
39 36
106 100
47 75
192 200
94 22
69 100
59 22
22 47
159 33
101 131
177 41
60 112
74 35
49 6
157 180
23 142
46 131
120 161
130 48
183 189
116 89
147 28
78 162
29 12
133 184
85 145
42 3
129 131
130 158
55 160
145 64
113 61
167 180
40 49
81 51
189 96
143 43
168 153
88 153
153 112
110 167
44 142
12 145
138 64
52 103
19 62
124 132
71 95
144 156
168 113
165 51
197 139
161 148
189 116
57 114
2 173
37 180
147 165
11 196
194 122
94 114
97 167
156 8
148 137
156 183
56 73
154 113
29 135
35 197
125 86
40 95
186 125
109 134
11 22
79 189
32 68
65 105
30 78
62 16
93 16
28 103
26 13
93 135
127 59
9 186
95 154
61 65
140 171
166 178
117 123
104 40
192 47
36 6
150 90
84 198
16 142
89 195
88 132
23 112
178 3
9 80
198 194
181 143
46 158
147 5
141 102
43 144
111 99
37 75
22 79
140 181
70 177
22 33
57 141
68 82
141 25
97 102
187 74
88 165
146 62
180 94
173 154
45 16
51 174
148 42
123 184
166 188
40 98
137 89
76 124
89 38
160 169
85 126
172 122
150 69
135 5
12 105
119 72
139 176
57 124
99 36
187 26
120 178
177 106
184 94
19 110
30 182
30 26
80 51
57 73
156 75
159 119
76 100
29 67
102 133
15 105
175 8
31 21
39 27
195 104
70 30
65 154
7 9
12 76
60 131
27 167
70 54
120 169
88 14
195 12
196 63
30 75
47 29
96 34
137 82
3 16
151 77
151 46
72 86
75 22
147 59
163 125
169 124
144 45
63 169
149 72
7 18
6 10
49 8
138 15
19 92
192 117
113 192
80 40
32 56
140 51
7 84
120 53
33 176
100 146
103 196
9 162
159 94
2 42
7 118
158 176
31 86
199 174
70 107
183 87
188 196
150 49
116 9
161 158
114 42
123 88
196 120
195 87
188 39
65 161
139 179
95 195
156 36
87 48
103 18
174 20
120 177
78 133
73 62
146 87
121 194
76 122
65 82
63 31
11 117
180 80
110 179
169 16
8 6
197 10
190 12
190 154
20 88
174 108
74 115
92 3
106 133
31 119
32 172
63 197
132 29
167 142
147 181
21 41
42 108
46 175
113 171
174 97
50 122
150 197
23 91
130 28
176 80
132 143
90 130
87 22
33 105
167 48
100 153
121 64
171 79
152 13
70 19
194 63
102 162
6 131
184 161
112 48
192 5
185 190
17 156
41 171
36 15
26 177
200 168
64 190
22 114
140 3
147 158
50 14
60 163
28 149
196 91
181 70
157 7
14 136
12 117
128 194
37 102
46 69
130 69
86 38
88 180
50 10
128 13
4 51
119 3
67 153
178 73
175 43
23 102
48 99
58 69
10 118
34 79
27 41
165 104
11 122
50 187
18 179
195 75
62 91
190 129
197 46
24 179
180 130
99 7
104 18
11 178
115 107
120 136
68 110
166 132
153 171
64 4
162 50
34 31
30 172
161 168
140 151
43 50
33 101
192 183
91 22
74 163
140 112
46 4
162 62
9 155
174 132
54 93
152 19
173 167
191 69
15 127
78 52
197 48
191 125
164 21
41 120
101 117
116 104
89 131
63 82
144 73
60 77
57 61
138 157
196 84
176 118
55 4
77 102
61 168
190 19
91 8
44 42
150 119
150 13
7 148
171 77
194 38
115 56
72 147
93 33
125 93
26 18
194 7
9 172
135 92
63 120
30 188
63 105
166 21
43 176
164 146
161 4
140 90
15 74
112 25
90 88
166 51
119 73
122 109
167 172
72 47
1 18
184 62
179 91
116 82
106 124
86 139
19 58
13 167
77 140
199 157
159 195
27 66
172 19
185 111
105 42
152 90
189 167
127 10
160 11
51 30
123 112
103 159
131 147
194 113
53 59
44 77
95 36
112 45
86 96
165 97
119 136
119 57
197 134
132 193
28 197
19 14
172 129
98 8
30 124
51 172
67 194
73 40
127 98
189 173
176 135
159 36
70 195
153 34
162 38
121 77
186 104
84 9
185 100
24 161
82 162
42 48
12 160
97 66
175 148
126 15
102 58
125 138
174 169
128 100
170 175
167 31
103 78
194 131
119 75
69 194
14 21
142 63
56 162
125 118
97 118
54 174
31 23
24 21
119 30
59 186
13 183
162 189
189 64
189 71
69 37
142 72
111 136
50 121
82 125
162 196
98 112
15 19
13 64
31 55
135 14
39 132
71 65
180 3
7 31
117 92
183 142
45 195
72 136
125 67
146 35
15 108
167 105
134 113
11 4
199 90
72 195
25 122
34 167
118 115
143 151
193 14
13 180
65 84
171 136
182 36
50 155
198 189
57 2
142 190
78 72
141 71
36 66
200 105
182 81
96 99
61 75
171 93
110 132
179 1
96 113
140 49
103 55
175 149
50 46
83 85
37 54
9 5
195 53
119 55
23 193
168 18
120 108
118 33
182 118
179 39
159 170
74 102
110 182
127 198
21 143
176 97
141 128
60 6
145 126
176 71
165 140
45 194
121 160
85 35
78 68
70 12
51 85
121 169
151 146
92 12
177 44
158 119
195 177
34 72
169 27
199 61
119 19
2 125
122 158
77 124
21 141
6 14
125 60
162 3
144 92
122 163
134 110
131 154
19 74
70 76
9 97
105 122
87 97
116 20
79 42
186 197
165 192
141 156
94 15
21 151
142 12
149 101
150 4
79 82
195 152
108 124
137 167
112 192
147 17
181 122
124 67
131 79
199 1
120 81
182 123
89 94
152 2
45 168
12 25
111 55
176 106
20 69
177 109
9 45
108 92
181 98
171 155
175 54
108 190
132 84
46 80
68 89
168 174
113 151
29 137
156 147
184 149
146 33
105 150
185 50
123 57
181 17
196 151
83 152
164 31
140 38
78 40
181 124
198 45
73 173
192 37
106 14
115 53
186 177
77 66
188 115
147 119
156 76
107 4
112 93
22 182
127 97
191 11
148 47
102 19
184 187
97 200
68 142
118 61
67 196
177 81
139 44
109 167
37 86
48 139
19 84
12 173
149 11
110 92
123 103
32 128
96 115
30 16
107 57
135 153
161 57
200 126
2 68
189 16
9 145
146 78
138 71
171 87
13 31
157 144
33 26
167 61
53 170
126 167
53 68
98 176
129 118
164 160
85 49
151 23
54 11
26 82
59 97
111 145
42 138
110 119
77 11
117 190
68 172
144 138
192 136
90 162
78 164
149 114
187 122
89 113
111 134
121 58
189 9
114 110
44 198
4 52
75 116
127 139
12 138
105 137
40 28
73 48
162 118
85 143
44 182
44 29
114 86
152 128
131 134
42 153
106 125
110 180
51 158
115 95
113 149
56 186
85 78
194 160
20 162
37 196
97 40
118 17
128 61
93 56
19 163
13 15
74 21
152 122
103 44
27 18
178 160
49 180
125 140
1 164
152 49
82 28
116 42
28 121
35 134
140 154
44 33
165 150
162 187
134 21
109 127
179 102
177 200
35 87
177 181
55 165
80 156
180 28
35 139
159 5
124 52
102 71
84 23
102 112
77 37
134 12
171 141
22 70
190 135
165 139
91 103
95 33
180 109
122 57
80 90
134 56
63 166
120 89
119 192
75 142
33 179
191 153
7 191
81 171
91 29
143 5
192 109
179 181
130 18
83 31
60 175
8 88
177 80
148 136
71 143
176 166
26 94
75 150
145 8
5 41
10 131
191 114
92 88
26 111
154 198
87 138
64 168
1 23
88 26
196 165
20 65
124 86
120 27
58 141
76 63
25 180
113 161
163 68
177 112
154 74
174 12
45 153
103 99
170 177
108 184
171 134
134 162
47 59
108 155
160 163
19 196
50 96
23 68
108 178
56 188
193 17
108 63
20 10
110 40
159 177
97 93
57 135
168 131
157 26
56 200
184 117
46 60
12 187
154 41
145 143
44 122
131 12
126 142
161 98
147 38
124 116
117 99
176 83
40 13
173 164
30 169
53 163
4 10
195 109
87 4
57 20
99 77
105 143
148 67
189 95
3 134
69 77
175 65
25 35
181 64
194 70
4 116
192 149
184 25
28 188
162 41
55 110
69 50
118 121
121 39
98 24
125 15
138 200
172 124
60 160
69 22
65 46
146 173
153 68
64 70
188 168
42 33
70 44
64 57
9 194
63 182
43 111
170 4
151 141
33 47
38 12
13 133
103 197
81 34
104 107
170 28
70 193
35 140
54 15
121 26
109 2
125 177
7 153
135 108
15 65
91 147
44 153
94 123
6 77
27 91
75 162
129 165
80 169
186 22
128 145
192 196
73 51
146 12
150 42
79 163
168 65
33 97
149 134
2 64
118 98
146 109
69 136
180 95
4 133
145 135
172 157
23 199
60 100
190 52
85 188
104 27
143 126
116 145
50 22
18 61
140 30
194 158
129 32
185 104
190 62
140 23
140 170
115 76
70 35
12 130
24 85
63 179
162 186
93 177
15 88
142 94
118 85
64 89
50 30
68 62
92 123
146 188
47 91
68 1
25 13
14 82
181 193
126 168
66 87
92 125
192 125
7 5
40 183
55 99
42 146
30 87
44 69
29 111
153 41
48 26
30 104
156 175
176 89
52 91
164 181
104 109
51 34
46 3
64 74
78 171
91 187
184 141
29 174
5 193
148 85
94 34
117 175
84 165
147 168
107 24
90 112
118 164
195 6
127 150
101 3
106 19
33 135
129 198
56 187
35 68
84 161
185 83
55 158
35 6
17 142
77 195
134 100
72 197
35 126
73 103
68 63
54 1
133 19
179 40
142 158
182 90
79 68
112 190
89 168
40 135
100 57
116 184
107 192
66 83
22 85
14 137
50 180
122 9
124 27
144 132
36 158
27 148
90 181
23 97
46 110
97 105
46 58
11 16
90 96
121 188
150 191
48 124
96 23
142 157
136 143
11 50
44 35
66 112
12 172
174 90
11 71
89 140
112 167
170 173
197 188
164 193
9 124
104 180
34 106
81 139
65 112
146 69
107 168
15 85
116 108
83 146
148 44
83 194
60 18
81 16
31 87
102 95
85 47
8 115
199 39
84 41
46 107
4 130
52 106
130 126
126 162
151 32
180 87
85 6
9 108
171 110
76 40
70 176
77 106
151 38
1 71
190 145
198 161
123 79
26 109
79 67
189 87
55 126
175 125
112 162
129 197
3 25
170 65
133 198
107 197
176 120
27 80
155 177
130 186
74 6
51 175
110 158
48 125
193 156
102 96
137 134
39 129
110 123
62 38
2 28
184 91
96 186
68 44
67 41
25 190
70 10
62 25
118 195
14 164
47 77
141 51
92 46
64 10
176 143
155 92
2 170
42 117
199 46
61 17
62 31
22 187
13 155
100 75
198 138
76 105
148 16
136 155
124 23
95 171
162 40
44 88
105 119
175 5
111 149
26 2
185 91
32 71
130 116
99 54
62 183
127 197
121 15
56 7
135 26
50 100
144 3
152 102
27 130
2 157
12 32
154 162
102 2
6 113
125 94
181 171
141 180
29 185
14 176
89 52
128 190
73 25
197 88
39 137
32 65
173 67
46 139
163 137
199 78
25 40
8 136
106 17
60 31
95 166
50 188
84 21
15 91
7 85
190 111
194 60
7 133
46 15
46 193
186 8
157 19
143 15
90 195
72 171
34 49
85 65
153 113
127 84
120 105
175 104
45 146
16 24
34 109
29 19
57 17
95 163
47 27
154 136
157 36
17 7
154 151
66 48
43 100
33 13
43 34
101 88
93 88
125 63
150 158
133 167
95 91
94 32
193 30
118 80
29 77
84 82
130 81
93 161
92 9
56 21
83 12
2 143
163 34
13 184
175 1
98 17
187 161
49 191
54 87
86 23
88 170
191 104
132 93
86 154
77 132
119 138
17 138
183 112
80 200
40 38
71 168
104 127
188 142
98 109
183 75
92 87
166 94
17 163
117 49
168 165
197 184
127 137
174 57
8 31
171 30
35 149
96 119
162 149
62 59
57 190
127 180
162 44
124 26
15 89
155 123
151 137
138 169
142 1
133 117
118 41
120 168
172 101
129 182
84 6
161 193
114 16
158 200
42 34
87 197
113 67
127 9
193 61
123 82
166 143
136 19
18 35
8 105
188 152
60 106
56 91
127 38
134 181
191 134
32 16
160 44
54 88
87 37
110 120
63 30
85 138
95 93
171 165
181 67
191 148
8 113
100 88
154 114
126 121
111 107
186 1
74 10
163 94
110 141
182 96
95 25
159 98
154 14
133 126
24 51
169 129
107 153
110 196
90 74
155 66
23 149
185 196
38 16
172 94
157 195
182 27
169 126
187 143
10 125
72 177
22 78
17 101
98 1
149 19
66 104
4 110
57 132
89 170
32 13
65 31
24 189
38 26
184 132
44 74
62 168
128 42
142 113
56 33
34 193
134 58
125 20
4 152
144 109
111 154
134 158
162 165
147 155
2 116
31 190
39 131
182 165
149 117
115 182
56 179
199 84
174 128
98 129
54 102
138 79
30 54
121 65
138 67
146 159
157 39
22 61
124 2
49 98
143 24
106 72
18 142
86 75
56 70
16 65
37 49
35 152
141 62
55 161
52 32
59 93
63 6
188 42
170 85
121 139
114 27
32 103
134 37
80 111
172 83
123 145
165 60
140 87
139 98
174 40
90 39
161 116
80 8
91 197
196 74
159 187
178 150
3 94
180 55
16 113
29 33
199 149
76 111
174 185
184 77
49 79
124 73
134 155
123 89
147 12
198 9
185 39
42 164
188 179
75 165
70 14
62 26
152 186
3 96
39 5
2 145
139 172
41 11
3 69
153 26
168 185
178 134
174 114
166 174
155 48
122 20
13 169
152 161
94 87
168 105
164 182
147 186
72 167
73 8
68 138
94 143
114 40
51 155
161 121
135 42
10 5
192 178
145 20
190 177
79 56
157 5
186 112
60 130
61 9
87 93
83 6
111 15
40 58
8 191
59 25
97 26
189 137
87 132
48 126
101 140
101 160
148 31
61 116
80 122
30 187
120 11
19 154
109 28
70 7
34 150
75 91
87 142
99 150
200 5
9 15
193 58
163 28
106 49
112 180
130 109
17 24
95 129
98 94
101 145
37 16
28 85
151 28
83 77
79 101
40 54
193 89
163 189
61 14
199 14
147 30
96 191
11 76
37 159
126 82
177 136
74 25
156 66
113 127
7 91
84 179
66 130
51 197
199 12
126 153
31 111
86 74
126 138
123 28
15 147
46 74
67 121
35 121
22 37
104 15
57 152
172 33
89 44
118 43
191 165
173 39
21 154
181 3
104 87
4 124
140 168
41 72
82 153
188 20
67 71
175 142
94 122
16 86
124 143
64 73
186 105
8 181
110 197
35 133
192 137
134 66
15 40
94 24
86 67
7 25
138 120
25 65
162 183
195 142
195 175
24 10
63 172
87 143
188 89
94 38
132 59
9 55
162 192
69 89
106 162
181 173
62 92
32 196
112 178
3 99
167 90
41 133
28 4
68 94
70 131
140 114
139 17
63 107
128 77
195 129
27 49
21 69
57 115
163 86
40 106
24 45
177 128
31 106
177 168
22 121
9 39
39 180
59 173
64 169
122 153
150 15
199 105
77 119
35 21
143 167
4 197
80 187
33 154
162 120
119 94
9 1
63 81
143 200
47 145
156 5
182 167
38 129
181 36
177 43
65 166
140 143
132 33
36 56
10 150
27 190
136 34
54 90
99 35
111 9
38 24
115 137
135 34
17 19
19 34
92 112
36 18
166 27
173 129
193 38
91 37
162 89
18 42
104 125
166 136
38 198
73 177
11 183
91 13
141 5
97 147
199 127
11 107
121 61
144 67
32 23
10 19
1 162
84 48
25 140
152 75
126 9
131 195
10 96
69 177
143 67
58 60
32 119
181 16
19 200
87 23
22 154
194 105
42 166
45 55
16 94
128 199
63 22
127 117
159 102
93 150
54 173
162 188
89 138
58 50
86 117
40 178
95 107
35 173
138 193
51 57
24 120
42 52
66 85
128 86
87 68
46 186
15 96
143 139
180 172
66 5
196 27
38 132
91 168
114 99
191 184
69 127
107 15
152 172
96 183
128 186
17 52
187 132
20 199
138 21
163 37
58 172
60 107
166 2
88 66
36 75
28 50
191 156
159 134
152 53
77 89
177 154
32 143
35 54
30 132
134 77
41 74
152 178
121 104
120 22
125 132
133 141
30 164
113 180
39 45
158 117
77 108
166 119
128 131
168 47
72 168
118 18
58 62
48 159
128 47
58 130
163 14
10 129
174 42
2 95
53 85
199 38
186 80
39 43
176 103
112 30
150 162
158 59
96 155
136 58
66 12
117 53
123 39
78 25
134 105
31 59
44 106
154 101
26 72
67 39
59 10
169 113
128 30
98 44
185 13
164 99
45 108
181 113
7 138
122 35
11 180
165 67
34 141
178 38
42 178
126 192
90 194
160 36
105 35
147 154
136 157
131 165
154 53
144 104
115 126
129 15
53 143
186 135
170 186
128 19
23 45
63 101
169 181
13 92
183 145
66 79
172 69
135 80
36 139
80 33
105 94
182 91
185 183
117 55
2 186
5 33
198 8
23 74
85 20
89 178
40 36
149 17
78 196
87 141
162 53
115 49
28 57
69 141
186 176
177 13
118 94
158 188
142 200
143 45
110 122
43 7
49 200
10 109
105 71
165 127
50 35
48 121
86 138
21 53
141 79
56 178
1 191
46 161
122 15
136 78
23 197
142 102
135 119
107 141
1 101
123 97
23 187
68 112
41 132
102 188
198 90
17 76
110 166
113 12
149 125
50 38
180 81
77 149
43 62
175 103
79 142
85 123
144 118
145 170
154 83
144 52
150 96
152 22
11 156
175 139
151 165
151 59
131 191
73 87
187 113
180 196
100 154
94 165
181 55
44 95
162 140
194 21
167 187
102 126
139 3
140 135
109 79
69 96
195 135
52 37
34 91
130 104
159 13
97 91
160 108
120 144
183 188
110 162
5 196
51 148
173 37
75 124
79 133
165 65
103 168
57 166
197 167
152 150
49 17
24 111
187 198
191 9
164 91
146 16
172 16
48 63
38 85
44 65
11 66
109 55
80 133
72 140
17 20
121 172
178 53
69 8
99 97
97 92
182 180
94 103
12 85
9 139
10 137
117 121
75 193
200 179
120 82
71 23
94 27
80 85
44 187
53 75
42 36
176 137
146 68
173 135
96 93
42 118
19 109
26 179
96 174
133 32
95 68
163 99
151 145
152 16
24 154
52 9
27 125
143 54
39 124
187 67
21 161
175 193
115 109
46 181
166 151
29 6
146 65
68 50
15 161
28 196
39 195
45 103
153 174
144 62
67 74
115 82
193 102
88 189
154 4
174 7
103 87
101 115
16 124
139 170
93 60
185 109
158 82
23 192
17 62
153 169
188 181
92 48
70 144
55 151
37 45
83 80
156 1
105 124
100 119
11 129
73 20
113 31
1 37
169 49
95 135
95 113
65 153
96 136
58 15
55 41
12 18
106 16
175 189
127 53
163 38
104 8
107 47
126 54
