200
1 2
2 3
3 4
4 5
5 6
6 7
7 8
8 9
9 10
10 11
11 12
12 13
13 14
14 15
15 16
16 17
17 18
18 19
19 20
20 21
21 22
22 23
23 24
24 25
25 26
26 27
27 28
28 29
29 30
30 31
31 32
32 33
33 34
34 35
35 36
36 37
37 38
38 39
39 40
40 41
41 42
42 43
43 44
44 45
45 46
46 47
47 48
48 49
49 50
50 51
51 52
52 53
53 54
54 55
55 56
56 57
57 58
58 59
59 60
60 61
61 62
62 63
63 64
64 65
65 66
66 67
67 68
68 69
69 70
70 71
71 72
72 73
73 74
74 75
75 76
76 77
77 78
78 79
79 80
80 81
81 82
82 83
83 84
84 85
85 86
86 87
87 88
88 89
89 90
90 91
91 92
92 93
93 94
94 95
95 96
96 97
97 98
98 99
99 100
100 101
101 102
102 103
103 104
104 105
105 106
106 107
107 108
108 109
109 110
110 111
111 112
112 113
113 114
114 115
115 116
116 117
117 118
118 119
119 120
120 121
121 122
122 123
123 124
124 125
125 126
126 127
127 128
128 129
129 130
130 131
131 132
132 133
133 134
134 135
135 136
136 137
137 138
138 139
139 140
140 141
141 142
142 143
143 144
144 145
145 146
146 147
147 148
148 149
149 150
150 151
151 152
152 153
153 154
154 155
155 156
156 157
157 158
158 159
159 160
160 161
161 162
162 163
163 164
164 165
165 166
166 167
167 168
168 169
169 170
170 171
171 172
172 173
173 174
174 175
175 176
176 177
177 178
178 179
179 180
180 181
181 182
182 183
183 184
184 185
185 186
186 187
187 188
188 189
189 190
190 191
191 192
192 193
193 194
194 195
195 196
196 197
197 198
198 199
199 200
1 200
28 158
167 68
29 4
163 187
24 136
135 54
4 133
191 106
4 177
19 157
172 92
169 31
154 160
85 181
161 80
150 139
182 100
41 144
100 123
142 44
66 109
30 84
188 35
48 137
169 143
37 143
185 4
75 99
95 50
152 159
145 101
66 139
159 14
90 104
36 129
53 118
111 185
167 188
85 44
200 76
68 7
39 97
146 198
101 178
31 193
67 178
191 15
139 111
82 180
118 99
77 99
82 98
198 135
185 66
142 178
33 61
122 45
34 46
55 27
87 114
97 89
189 49
97 12
158 116
120 83
4 126
142 45
116 85
38 158
107 199
66 73
161 183
131 118
72 9
82 65
77 61
85 38
13 136
194 198
133 192
161 99
33 97
191 24
162 143
21 40
69 140
20 14
65 48
87 73
38 11
32 146
172 153
135 89
176 5
137 73
40 183
115 63
146 9
143 184
194 124
66 52
169 45
99 168
185 37
34 17
115 16
129 93
60 143
30 139
35 87
59 70
30 33
32 138
199 194
136 25
18 84
37 51
139 77
151 143
17 95
198 177
92 167
121 14
197 81
123 72
51 27
5 140
26 104
194 174
162 121
26 40
33 167
39 139
146 71
112 190
56 200
121 28
58 35
29 52
135 71
142 17
18 170
74 94
163 66
152 31
178 124
164 88
167 151
140 92
89 95
9 135
188 38
56 181
166 191
41 55
80 10
44 155
185 68
102 122
198 185
105 132
195 31
38 45
45 17
197 189
171 26
114 104
109 99
60 46
107 179
72 49
168 126
12 159
174 6
55 98
174 13
32 27
107 17
31 121
101 28
129 156
180 65
48 6
197 20
128 1
61 172
126 37
108 34
12 103
50 34
42 168
15 116
140 86
85 78
84 124
94 185
183 189
142 24
17 124
22 186
81 127
21 93
111 97
164 135
18 185
184 21
103 167
31 10
12 50
67 65
53 150
152 189
52 189
85 13
162 140
171 93
8 48
65 87
103 25
144 175
30 5
2 155
71 89
148 37
110 81
71 197
96 170
135 42
96 175
42 32
76 65
50 57
39 64
134 73
179 140
133 147
39 19
37 172
117 93
104 113
3 20
27 65
129 137
160 139
100 193
35 44
199 43
26 65
196 147
185 125
71 58
127 200
81 120
112 194
14 150
141 199
79 140
144 148
184 153
103 14
75 16
105 61
4 32
51 68
28 149
42 55
123 151
175 103
8 53
115 164
84 160
184 100
90 122
80 176
71 6
133 25
178 12
162 149
188 120
114 129
167 182
83 133
154 68
90 133
6 35
23 104
179 79
88 86
60 54
142 100
151 114
184 13
98 91
45 110
176 158
29 172
120 162
38 122
93 62
102 81
85 140
151 9
74 13
196 136
17 53
52 72
59 75
47 45
127 102
60 120
33 181
56 189
105 13
184 160
89 46
163 172
199 195
127 44
173 116
37 86
106 163
44 190
177 124
153 129
96 1
48 1
199 130
31 5
52 150
77 100
40 104
75 189
150 154
137 184
89 187
3 200
7 136
116 9
26 119
160 119
66 35
23 32
142 74
160 158
3 161
136 142
135 18
125 56
64 49
105 120
137 179
161 126
84 137
194 21
125 85
38 180
3 156
104 3
113 119
113 71
15 57
83 155
61 151
101 16
11 48
33 62
13 163
119 20
191 35
55 76
157 129
35 5
63 185
14 56
79 102
166 4
47 194
195 54
165 11
68 86
28 110
72 195
137 18
99 155
155 133
98 31
147 5
54 65
176 179
47 154
13 78
86 166
173 132
60 25
36 169
2 119
78 157
36 182
63 5
55 116
1 178
14 141
162 38
148 71
70 170
50 68
180 136
162 193
152 104
45 19
159 28
23 199
150 152
181 141
176 41
21 7
154 41
149 101
78 56
9 42
45 129
144 110
76 120
118 66
157 53
165 31
141 117
185 5
155 66
23 200
187 122
97 106
128 150
145 4
159 25
16 176
34 58
65 148
189 139
37 83
89 60
70 25
190 73
34 199
191 173
55 7
137 133
163 15
93 87
177 25
177 94
182 200
70 110
160 171
41 150
5 82
110 128
158 140
198 38
2 149
68 14
149 104
102 23
143 68
69 63
26 76
151 83
97 90
4 196
81 188
126 137
79 12
110 90
85 200
111 1
26 134
19 57
30 19
149 200
188 15
172 145
28 133
76 128
115 64
87 123
23 189
131 149
92 54
159 146
190 157
61 32
133 143
83 8
84 179
47 24
190 126
15 95
178 102
183 73
79 35
155 23
15 32
56 69
79 191
169 138
27 106
181 179
90 197
102 117
115 108
154 187
154 199
176 128
140 188
120 30
1 147
92 18
190 118
102 29
18 124
122 63
135 196
187 33
164 79
182 17
68 162
62 158
140 128
159 136
171 131
27 180
132 198
159 50
78 11
119 135
139 48
184 158
38 100
104 88
98 13
142 81
79 68
102 10
114 9
5 24
105 44
2 22
15 174
72 130
13 177
41 16
44 124
107 93
102 82
2 171
101 159
30 179
106 160
30 145
61 126
190 15
29 165
128 57
74 163
183 148
66 179
134 5
56 101
78 71
169 40
165 22
36 168
146 106
113 36
176 147
42 115
54 76
164 127
153 188
8 161
17 28
78 175
30 129
142 149
97 189
92 145
31 112
172 60
138 44
8 148
19 42
184 98
67 185
18 53
159 56
110 55
42 17
5 64
83 186
101 130
83 141
40 15
200 177
136 62
187 22
191 139
110 4
60 141
97 151
67 119
122 170
83 79
25 101
185 171
7 168
82 148
159 21
45 119
40 171
2 156
167 71
49 158
131 153
28 90
165 67
153 46
132 3
102 132
120 46
86 110
185 163
71 69
104 12
29 149
122 101
127 136
194 93
150 147
58 40
71 56
8 44
15 88
171 69
46 26
121 60
195 172
138 172
109 141
9 67
180 107
184 132
8 81
46 155
6 130
15 1
78 1
150 92
128 28
26 151
58 109
114 163
16 1
149 73
78 176
87 103
4 101
154 101
124 179
42 24
99 102
39 2
130 122
178 103
160 15
68 47
95 184
142 66
153 134
32 154
37 40
95 145
178 9
104 133
191 136
33 197
84 45
17 60
72 89
128 171
81 54
170 130
102 12
16 184
151 64
120 108
8 45
27 50
102 87
5 54
195 150
108 171
14 131
158 23
157 182
70 197
146 55
187 150
148 25
114 139
8 180
110 21
36 95
101 90
42 182
26 188
102 189
107 53
143 20
3 8
118 21
199 13
161 199
166 137
53 112
142 43
102 25
200 17
66 51
64 50
122 34
176 199
57 107
88 19
86 61
196 134
193 134
55 94
43 13
27 59
193 157
107 91
1 129
11 35
29 18
9 124
146 193
192 79
90 140
137 120
139 159
156 90
165 6
173 28
4 65
32 163
2 109
166 157
33 195
91 78
1 93
187 12
171 13
137 15
29 90
6 28
83 139
138 91
61 104
165 52
172 63
149 84
122 154
52 124
95 118
80 37
28 82
189 195
80 132
17 65
191 128
93 141
55 19
44 117
142 117
102 95
165 148
128 163
106 145
162 55
191 115
144 49
51 119
122 118
60 167
160 95
131 83
187 92
184 63
63 91
65 160
128 131
54 119
56 177
190 156
111 89
103 145
180 58
29 15
18 50
149 53
139 136
73 1
163 34
16 14
134 136
187 160
39 151
158 173
128 134
186 88
85 107
33 52
94 42
153 19
33 154
6 119
181 160
43 41
176 87
160 92
172 48
199 100
70 190
128 66
89 120
66 9
44 157
66 23
101 111
89 96
70 92
54 34
94 118
16 5
122 176
83 137
23 67
104 21
188 31
86 193
181 27
119 4
108 165
165 93
45 92
45 136
137 139
119 166
194 15
63 61
136 111
7 62
39 186
185 96
78 178
64 169
24 4
32 17
1 184
123 48
104 39
93 197
76 38
1 94
134 8
99 49
2 124
25 179
157 143
131 58
185 159
89 48
143 185
96 161
169 101
110 12
192 195
88 100
9 182
40 181
184 134
104 153
62 76
53 80
3 152
129 23
6 2
35 178
189 143
158 47
113 137
84 151
42 186
188 164
119 138
192 136
8 18
134 164
39 128
91 158
40 119
131 94
133 125
74 143
81 22
196 26
105 3
41 169
105 159
117 83
104 67
99 9
189 74
118 161
75 167
37 122
19 177
4 112
19 4
182 152
195 156
171 82
172 144
87 91
45 105
112 39
9 13
9 46
96 33
160 60
16 133
130 69
4 23
98 81
3 194
50 20
152 34
139 63
182 159
198 99
5 33
81 46
30 181
105 167
37 180
112 5
54 141
3 49
164 50
136 49
32 107
145 87
145 6
176 107
44 90
93 13
81 179
36 164
17 100
143 48
135 56
139 117
85 128
170 157
108 33
63 28
128 119
184 58
57 103
12 20
92 107
196 181
106 87
105 102
111 180
116 195
153 79
58 125
52 107
129 109
172 152
108 128
130 163
21 113
183 150
135 128
47 23
152 41
109 124
44 79
68 103
182 164
115 22
99 28
192 89
189 193
34 162
154 113
47 186
10 30
16 157
98 147
25 52
111 179
156 172
183 199
175 130
182 46
37 161
103 52
110 24
96 200
178 77
115 74
98 5
3 167
38 2
139 168
29 107
187 31
171 194
150 177
45 200
196 170
124 16
10 94
128 155
51 54
116 180
157 43
39 173
128 4
167 194
5 129
6 42
68 155
9 140
200 131
35 56
122 49
35 165
159 148
13 165
13 117
125 23
143 132
26 117
73 5
169 181
25 172
159 112
43 92
31 185
114 136
129 159
58 107
92 94
44 100
13 167
37 116
23 73
132 179
188 124
85 102
48 29
40 186
56 131
114 59
4 114
189 27
192 7
136 22
60 147
112 74
75 124
102 149
193 131
94 114
117 20
99 47
35 74
33 173
76 58
47 78
5 125
149 26
30 41
160 163
178 173
200 170
74 34
63 116
182 3
42 198
180 162
158 106
115 129
14 115
29 35
156 111
7 170
5 135
195 46
109 190
195 129
143 55
56 133
102 7
179 147
18 89
129 11
170 125
52 137
189 57
87 165
78 138
40 114
124 166
197 129
158 118
125 165
152 120
188 79
2 131
16 170
125 107
3 57
23 198
182 153
44 125
102 133
9 194
74 15
89 34
43 104
124 89
171 189
147 118
143 147
78 172
148 171
17 101
24 174
169 160
182 191
12 8
10 166
95 32
85 167
44 92
156 168
139 173
163 192
14 167
10 43
9 21
105 4
174 34
47 164
109 25
37 156
18 167
109 161
124 71
192 199
75 185
70 63
194 53
80 72
30 124
34 115
35 134
128 30
128 181
193 109
29 40
82 99
153 91
185 164
31 167
22 40
111 153
52 13
122 82
138 5
183 191
94 99
109 55
100 121
90 7
194 153
53 61
187 38
53 28
32 50
152 55
24 12
152 200
134 163
138 155
164 28
165 174
179 104
36 185
86 119
184 179
98 198
127 60
77 103
193 127
123 111
71 87
66 145
12 135
28 131
56 179
100 98
159 116
111 38
92 157
72 2
42 29
107 117
178 75
165 2
122 57
86 156
173 115
36 81
74 48
52 167
44 59
15 170
176 38
94 105
24 129
115 146
18 173
62 133
151 182
152 130
23 141
172 86
133 150
100 153
38 149
7 162
52 134
79 109
170 140
148 58
80 146
132 60
7 157
168 164
113 127
25 78
162 36
95 10
64 171
188 62
46 92
40 24
23 92
125 70
102 60
23 186
199 171
142 130
178 100
145 50
51 38
108 134
141 89
129 181
150 140
159 189
54 138
16 28
14 21
128 160
35 133
88 187
141 21
56 92
157 127
146 51
181 174
135 178
132 161
107 185
90 78
67 92
38 197
28 190
149 120
78 132
186 63
9 180
184 60
169 76
75 109
43 58
7 109
15 2
47 53
112 51
183 23
25 71
56 45
171 37
34 20
46 14
140 196
28 44
182 195
9 88
122 152
102 141
75 69
20 164
77 148
148 76
84 171
187 178
85 153
147 76
113 45
161 67
84 90
88 108
37 158
122 119
67 111
92 152
148 30
159 125
67 87
65 15
181 96
185 183
3 92
167 41
122 198
90 126
95 83
22 13
146 184
174 50
168 122
41 137
44 170
116 133
162 78
179 90
190 23
58 24
9 36
171 187
182 38
183 47
156 9
33 84
18 139
136 194
137 2
176 155
158 95
134 60
87 74
178 130
172 189
160 144
20 64
134 33
53 95
17 174
178 116
126 36
11 83
190 27
38 68
51 71
172 45
36 89
90 20
135 159
30 132
69 50
176 163
82 196
54 84
181 32
177 197
2 10
194 134
20 93
138 158
192 90
158 66
19 36
4 84
79 41
2 141
79 34
63 138
150 15
159 72
122 59
188 109
65 16
162 183
24 108
154 79
200 74
36 166
199 168
185 142
14 158
9 82
9 143
131 26
16 150
79 14
104 164
123 79
118 185
121 75
182 165
114 165
199 148
181 166
128 25
118 170
199 135
146 103
139 151
63 166
186 29
172 112
169 158
189 130
19 167
197 98
129 171
136 141
32 153
44 147
111 93
112 60
114 6
70 122
135 114
34 128
162 138
35 174
182 140
71 98
66 81
42 26
3 58
17 165
10 55
105 80
181 176
175 8
143 179
31 27
180 49
75 173
199 188
123 114
75 111
116 113
144 102
88 136
178 138
161 188
33 47
3 97
14 94
35 60
88 122
76 186
197 54
84 109
38 57
150 145
81 96
128 54
73 171
35 162
117 200
138 105
110 117
70 9
106 37
71 32
200 48
188 152
33 14
1 6
16 187
122 190
109 9
81 128
116 197
163 81
162 191
20 62
2 86
90 22
176 4
135 142
169 24
45 153
193 55
93 78
114 85
47 129
170 23
125 71
154 34
200 73
149 166
127 97
40 135
37 19
114 150
158 123
120 167
123 81
156 75
190 154
73 43
200 21
18 140
152 100
10 36
155 30
69 165
74 190
3 111
42 89
176 150
141 180
193 169
136 81
17 134
120 165
50 86
183 88
52 154
74 116
101 173
22 128
150 110
172 39
56 196
41 1
116 48
27 179
162 19
113 168
163 23
139 187
179 103
169 173
176 117
72 186
188 130
29 67
53 46
18 128
156 196
88 109
191 90
155 190
3 155
57 45
79 86
16 116
50 192
80 26
118 25
126 175
78 52
195 47
7 155
86 178
172 194
45 93
193 51
56 47
112 19
200 148
9 153
80 168
45 4
197 136
87 146
118 62
79 32
104 184
47 159
139 94
171 55
179 175
109 76
23 181
161 142
32 113
134 142
160 82
150 197
151 171
114 29
132 1
99 2
160 28
166 2
46 23
122 112
173 152
133 87
193 7
109 28
111 19
144 126
49 119
28 84
26 106
111 169
139 54
198 40
66 92
83 81
70 74
40 184
64 176
81 37
122 167
105 145
36 117
104 180
73 97
54 168
121 186
13 34
20 144
49 110
29 136
76 31
136 43
121 190
127 142
113 96
66 197
115 151
182 143
138 97
16 166
113 7
21 138
87 109
157 123
63 57
32 109
84 102
112 52
100 49
185 19
2 5
79 7
79 172
32 105
89 44
51 184
24 140
19 146
93 128
132 158
195 128
17 62
64 111
135 46
9 86
164 151
114 148
53 160
140 184
181 35
137 44
122 7
135 131
84 114
199 97
38 96
23 88
92 129
43 195
73 26
178 127
147 200
149 183
149 3
7 86
29 3
25 147
3 53
163 49
4 104
139 153
195 110
35 171
70 145
191 26
153 102
1 148
100 27
52 73
63 22
182 87
94 67
159 35
157 98
39 115
181 39
51 78
43 11
30 174
72 28
6 9
149 194
184 73
32 183
142 193
75 172
5 53
185 7
191 165
105 67
200 65
189 101
191 31
114 171
197 15
148 135
196 198
146 188
47 198
135 188
3 102
92 125
17 140
41 168
45 10
84 14
188 54
38 46
82 66
143 42
186 182
129 50
107 16
101 116
85 170
154 191
71 150
64 57
181 112
9 83
76 199
42 67
50 21
60 8
5 124
94 191
84 135
108 4
9 71
186 143
135 167
111 34
132 197
70 118
176 8
191 48
139 198
7 94
133 122
79 70
146 155
94 100
1 122
151 46
127 144
78 117
189 44
195 22
99 122
31 82
44 15
45 106
13 141
150 62
67 148
173 164
33 64
152 149
11 168
134 90
88 172
51 82
154 63
17 8
59 62
10 29
144 37
99 51
56 48
132 182
90 17
158 11
112 3
33 37
157 88
160 114
192 185
182 57
109 13
13 140
127 115
58 116
84 163
140 113
123 104
102 94
79 85
65 44
26 123
5 163
4 87
146 141
62 18
28 42
116 38
127 13
15 115
27 90
133 98
124 15
187 170
92 141
67 169
42 166
79 186
66 78
193 45
145 96
113 28
172 2
28 64
41 120
21 166
171 52
86 83
69 13
7 57
195 159
16 82
6 104
58 105
174 178
175 132
57 130
146 3
193 154
103 42
41 96
74 69
155 139
40 90
91 47
114 154
184 111
147 13
91 123
19 77
32 102
61 108
78 135
27 155
75 154
24 35
11 114
31 194
69 147
153 17
24 97
161 83
134 146
70 172
64 174
160 75
11 3
184 99
192 86
61 18
192 178
112 92
117 161
7 187
126 11
4 197
29 180
163 91
164 122
130 168
74 11
189 32
13 61
184 19
46 58
177 21
199 123
144 198
6 4
131 141
81 6
65 38
61 141
156 7
77 26
80 125
32 2
192 85
141 122
119 161
63 133
6 162
140 101
188 172
49 127
102 51
74 64
90 54
99 56
26 144
132 185
63 190
40 6
7 42
107 25
104 30
152 141
54 132
146 181
23 2
30 185
183 36
100 2
76 53
116 200
191 80
28 37
5 50
156 162
185 98
52 162
171 122
47 16
1 108
25 162
38 163
22 180
188 154
61 165
135 122
110 101
117 49
54 50
69 144
147 190
78 155
174 1
99 103
145 132
74 150
61 28
48 52
81 59
186 81
117 50
121 130
180 34
74 50
110 50
26 138
5 104
130 23
152 102
67 173
97 59
118 153
56 174
141 67
71 114
196 161
3 110
184 53
173 138
45 139
21 119
165 144
156 96
140 1
145 45
108 131
119 181
82 61
49 109
77 142
163 79
152 185
121 51
136 120
149 17
82 126
30 49
7 51
140 195
76 12
68 144
95 20
95 104
164 195
193 78
130 192
108 174
104 169
76 133
193 139
90 86
28 9
7 22
155 29
73 146
167 32
117 103
78 68
136 19
169 28
171 97
58 159
93 79
72 25
7 161
96 98
120 115
27 104
30 58
113 13
8 138
34 144
26 116
163 127
105 115
14 37
169 166
31 97
9 163
194 86
157 109
163 43
126 85
38 59
79 25
26 94
29 122
74 41
191 33
25 1
114 157
34 6
12 93
199 27
117 151
78 143
195 99
190 3
141 175
7 186
3 136
121 42
20 142
75 9
111 187
15 129
16 60
169 58
42 57
198 89
19 127
87 161
190 17
199 9
139 171
88 56
90 80
157 64
86 163
43 166
109 12
112 130
93 84
108 138
68 43
121 67
128 29
57 165
61 143
133 103
145 88
103 9
37 44
113 105
76 22
103 157
177 143
154 14
54 87
126 1
140 132
154 28
3 139
178 104
91 161
38 169
134 157
140 49
141 160
107 43
123 49
191 131
159 71
160 132
58 189
101 95
38 115
77 123
101 181
100 64
58 26
58 172
121 38
27 123
140 200
116 174
49 145
190 170
8 113
163 48
169 79
129 125
52 128
144 189
119 158
4 117
168 135
86 78
32 100
121 109
107 104
42 74
1 145
120 90
27 171
111 190
186 2
115 186
103 171
126 101
21 176
137 135
63 41
72 20
107 198
190 4
17 12
98 60
23 136
11 86
58 150
143 83
149 36
17 86
139 27
61 160
117 169
10 136
196 138
104 144
77 194
173 1
6 113
15 76
113 181
155 93
197 182
176 103
160 157
21 94
112 80
172 43
115 36
87 16
166 131
132 18
190 150
29 145
65 12
147 70
50 139
168 138
147 145
189 12
182 28
61 101
146 158
78 104
192 104
34 156
96 182
18 145
109 5
13 176
134 92
92 84
12 142
144 185
66 146
100 198
35 20
26 3
23 31
172 30
63 2
88 49
121 79
160 97
156 138
13 148
97 178
184 72
59 137
159 68
33 59
26 158
105 183
64 4
6 14
65 68
182 60
129 142
157 97
12 146
80 4
181 190
20 47
167 38
93 118
91 75
141 57
49 62
10 151
127 114
199 64
86 40
28 140
92 165
46 131
13 125
92 122
84 42
3 37
137 6
22 161
94 168
40 56
147 58
107 70
78 163
113 172
152 133
80 147
164 65
136 144
20 25
153 84
191 20
89 175
79 144
95 121
14 91
120 51
88 131
77 147
117 197
10 150
26 87
41 98
56 29
11 141
14 113
185 153
192 88
7 26
3 185
40 85
154 120
174 102
14 162
43 175
152 93
154 86
113 80
148 88
161 147
174 166
22 185
102 129
57 4
52 47
146 174
185 116
61 8
101 47
26 62
76 104
46 197
113 93
83 176
92 113
70 90
110 197
148 102
112 148
35 151
124 122
115 50
169 151
193 171
159 74
87 36
95 25
121 87
18 25
49 95
153 143
49 44
20 42
171 138
78 101
15 109
197 180
193 102
154 104
23 64
132 42
1 194
199 101
159 30
113 50
16 193
2 161
45 79
86 59
176 74
121 188
148 28
182 168
165 121
188 160
103 112
77 7
116 196
182 89
92 130
186 31
180 74
14 153
51 47
100 54
176 2
128 92
55 82
87 116
157 133
197 141
155 55
177 111
131 72
162 49
105 40
142 29
94 82
60 126
139 167
96 2
132 193
21 63
30 167
123 152
144 109
147 89
159 132
18 172
5 164
51 2
182 55
180 122
54 17
131 50
168 174
172 16
153 200
77 115
178 94
118 85
150 136
150 101
8 117
1 3
155 36
37 153
105 200
63 59
164 80
134 59
191 112
127 70
183 194
4 83
49 104
168 71
22 39
145 9
25 166
45 183
106 140
63 84
196 79
45 28
106 79
58 95
176 109
118 60
112 147
80 70
158 68
28 118
179 6
40 28
106 95
7 73
18 6
55 51
74 117
73 18
164 110
48 71
63 19
72 86
10 141
22 174
98 7
32 37
178 175
30 178
132 55
177 116
100 133
83 88
136 44
158 85
72 172
188 33
197 176
159 191
188 143
60 113
30 75
72 171
116 134
10 32
57 184
136 200
105 36
132 148
54 147
9 23
25 33
51 15
141 46
1 107
48 25
78 184
59 13
189 20
62 123
92 96
12 164
37 21
141 34
192 183
124 70
160 52
83 132
70 24
92 135
193 3
120 70
117 30
3 86
181 94
178 113
124 144
152 35
192 20
98 107
60 103
4 144
36 121
98 76
162 12
172 183
72 143
168 165
149 113
57 172
22 64
76 81
121 112
88 161
137 158
14 98
150 168
176 125
55 153
85 115
91 31
92 88
20 167
183 72
16 25
107 20
1 30
50 76
45 127
110 85
167 79
67 196
29 71
177 22
156 69
81 57
195 14
12 112
79 90
195 49
83 122
122 197
21 187
75 35
18 125
23 154
152 178
77 146
13 135
44 9
64 198
182 119
159 119
15 91
131 9
58 31
169 132
164 43
87 13
96 197
156 181
138 130
62 85
64 187
162 64
84 34
64 54
8 106
7 99
82 199
172 87
53 132
118 71
31 130
67 4
55 178
56 7
35 93
50 142
71 79
164 113
169 33
29 163
199 52
158 171
162 122
42 91
161 170
79 98
110 135
96 136
34 10
44 80
166 58
67 11
122 97
82 75
64 120
118 115
193 106
179 42
93 116
192 33
167 174
8 29
117 79
35 83
146 148
112 45
157 174
164 124
161 71
79 160
98 84
45 40
195 45
15 148
168 84
63 30
200 6
147 191
163 152
56 36
170 181
100 117
36 118
96 35
91 61
70 192
23 18
121 76
57 91
26 12
136 183
57 186
174 153
135 100
59 26
149 172
112 83
173 187
159 70
37 187
41 139
148 27
52 174
181 70
175 104
187 196
171 132
114 91
162 185
110 103
79 67
56 169
35 49
169 2
62 99
125 118
108 28
45 78
141 115
3 176
194 109
152 91
77 66
140 77
196 119
44 25
88 120
166 83
26 182
65 157
62 45
118 116
45 124
130 17
69 92
199 184
41 28
122 105
140 2
168 185
20 109
199 189
26 53
97 190
147 99
14 120
151 24
81 125
142 154
150 171
181 44
119 94
5 27
172 71
172 84
167 5
127 159
21 158
191 108
116 152
113 47
169 134
32 13
135 123
193 41
103 93
194 196
90 41
6 76
86 175
143 99
197 49
191 66
14 112
105 150
113 143
136 154
54 162
13 139
122 11
11 135
156 151
192 126
106 17
100 89
94 47
93 121
102 158
174 125
41 71
92 185
65 102
68 195
52 20
142 166
151 193
188 98
30 127
165 152
74 44
33 79
128 194
83 194
134 36
51 133
82 145
143 136
31 81
26 9
14 45
175 39
35 183
21 126
135 197
167 119
145 79
168 118
31 103
114 137
180 138
199 5
86 24
4 171
146 52
10 61
122 56
188 163
32 55
126 151
162 129
97 182
8 78
62 57
162 178
141 139
62 164
81 11
86 121
187 78
81 134
63 171
43 89
88 111
20 186
132 97
84 99
68 71
26 47
51 173
49 120
95 128
85 135
165 154
55 157
10 87
13 26
75 47
102 200
107 153
38 13
25 143
149 188
23 21
194 108
100 23
84 37
113 89
194 87
119 150
35 166
111 140
149 141
141 112
90 50
199 170
32 156
7 5
143 69
126 177
99 91
186 190
150 184
4 127
158 122
44 55
144 84
57 13
87 158
13 122
145 151
88 94
128 91
74 185
64 36
133 138
1 127
18 95
199 32
27 12
103 194
111 82
54 38
2 104
166 31
26 6
119 115
10 130
161 182
68 166
75 5
99 22
171 101
188 176
89 53
130 73
194 35
112 108
57 139
193 5
64 118
51 196
95 193
143 88
99 164
38 101
23 109
34 1
165 123
60 196
115 104
193 122
52 114
163 149
144 141
2 8
172 80
42 51
188 194
173 183
85 3
179 154
157 31
195 125
80 198
199 51
68 3
102 190
188 27
70 77
22 89
129 175
68 198
54 130
115 113
197 162
101 89
142 1
112 67
135 187
24 123
86 123
49 74
32 59
195 142
197 168
75 1
150 24
47 42
155 200
183 28
195 138
170 139
37 178
46 6
179 72
3 66
163 120
191 49
123 98
16 135
167 102
125 74
92 55
83 193
168 33
101 157
136 109
87 31
140 164
62 192
145 91
99 10
195 181
194 175
5 88
45 60
140 65
31 151
25 37
27 151
130 9
66 80
173 93
165 66
143 11
150 106
32 133
150 27
199 136
44 141
72 55
197 13
117 192
38 164
152 131
123 191
6 106
38 56
35 52
150 102
89 19
181 87
132 16
4 36
180 151
137 45
154 48
82 39
159 198
179 195
126 179
120 178
185 155
107 171
93 179
20 176
15 39
66 114
123 197
15 78
55 47
93 19
13 71
42 167
85 136
115 31
98 44
136 50
10 110
25 146
186 85
59 36
85 74
134 155
110 16
106 56
99 83
111 14
142 80
108 182
69 33
37 61
64 125
148 62
69 84
149 82
35 130
49 134
127 66
23 29
179 48
107 105
7 50
100 149
44 167
132 65
79 89
190 33
161 189
21 191
113 59
182 69
146 140
23 78
130 150
120 29
84 65
102 97
42 171
65 47
137 53
199 86
9 134
199 167
91 58
145 189
164 22
72 14
140 163
108 78
145 22
4 187
164 144
31 39
73 12
148 91
13 179
117 45
16 190
111 142
153 74
168 8
58 128
141 165
138 74
97 44
87 167
197 40
173 111
31 16
80 150
57 96
132 64
141 22
105 85
160 127
125 148
38 55
39 44
48 180
33 142
3 55
173 8
137 29
21 130
114 83
200 51
18 163
141 187
80 65
41 200
185 38
113 156
184 55
151 105
59 198
36 198
6 23
200 72
98 172
178 64
72 98
1 170
62 144
60 152
62 112
68 174
159 86
181 17
97 86
33 78
65 113
96 21
121 191
118 195
42 124
193 167
191 144
109 162
22 4
122 81
63 24
33 41
10 26
136 104
78 73
182 1
58 117
86 197
99 191
29 76
55 142
149 155
180 199
166 33
79 66
8 145
181 162
178 32
159 80
13 79
123 32
155 21
32 18
192 169
170 82
109 117
134 151
16 127
146 187
9 169
84 141
39 54
32 186
184 96
95 177
144 186
173 34
90 60
102 188
135 8
16 148
117 159
116 12
157 25
43 158
31 160
157 147
39 122
194 150
27 1
6 11
149 96
155 12
86 126
72 5
69 58
129 116
63 140
75 114
137 71
182 199
196 164
151 53
93 9
125 160
48 95
77 191
172 198
8 141
191 98
107 166
186 95
1 153
159 95
179 52
146 138
75 6
21 15
140 193
49 165
31 107
198 186
79 65
24 102
108 124
182 106
30 13
18 104
126 112
37 82
46 178
159 63
42 101
126 149
123 120
12 127
187 159
70 138
10 152
15 127
17 110
194 37
59 95
81 133
197 67
13 68
162 144
25 41
186 125
113 67
183 104
68 95
194 191
52 115
124 137
18 49
68 124
104 54
96 90
142 174
39 198
39 125
131 115
82 43
50 140
28 141
154 112
123 41
42 192
51 95
44 160
27 125
26 38
138 57
152 29
108 129
38 119
173 29
150 192
122 4
84 147
23 179
92 2
70 162
89 41
149 18
197 45
151 191
85 63
76 156
178 140
177 149
38 118
141 107
107 109
187 24
182 5
171 104
18 67
15 113
87 100
65 169
120 106
84 110
115 107
187 137
147 8
61 27
31 119
81 145
185 135
2 111
148 3
124 140
176 72
156 30
120 3
114 192
45 63
116 172
87 119
34 31
136 140
67 188
93 200
42 163
118 58
103 88
100 151
5 156
41 165
142 179
119 149
21 62
155 157
31 99
137 98
7 25
80 107
155 111
195 109
90 21
45 166
58 129
63 72
191 158
169 55
169 154
21 182
37 94
48 188
138 17
187 155
150 20
131 75
55 5
118 183
199 153
180 103
187 192
187 62
186 195
129 183
94 126
183 157
105 10
71 77
103 172
3 131
170 72
187 81
9 193
153 90
78 168
101 58
24 55
38 84
148 33
17 57
25 181
133 135
174 59
180 52
121 187
154 35
177 131
80 165
175 160
168 3
197 24
194 173
14 25
41 6
41 91
38 50
2 139
105 141
122 19
149 30
8 158
111 6
89 23
5 99
132 5
38 199
23 41
47 31
68 113
109 41
80 93
109 27
84 81
132 172
62 155
140 80
1 156
72 139
121 182
62 34
44 12
105 146
37 68
92 110
175 63
184 182
181 59
106 124
189 138
3 113
43 16
40 124
170 99
197 16
78 7
18 108
130 158
50 118
148 116
184 20
187 166
52 7
105 26
72 70
151 104
136 153
158 31
129 64
22 151
97 72
65 165
161 107
142 65
181 185
56 132
79 48
131 150
196 173
41 54
147 45
45 35
16 77
128 188
124 195
98 168
142 79
57 151
70 64
114 100
28 39
166 189
197 130
57 23
15 5
25 174
117 24
114 46
40 139
183 6
64 78
165 73
114 128
136 5
156 68
86 117
69 118
104 42
114 95
44 46
125 40
45 190
8 87
166 180
107 82
27 103
143 50
3 83
66 150
80 2
167 107
189 64
75 78
27 96
100 120
163 89
113 97
53 25
153 151
160 129
27 47
1 191
155 129
85 99
165 27
96 134
107 26
67 200
51 88
169 147
35 109
68 165
199 71
82 72
117 80
175 76
126 89
138 68
124 35
143 87
200 172
65 74
175 199
30 150
150 123
41 92
139 47
6 105
172 122
76 183
188 71
25 34
96 7
144 95
143 80
176 190
108 89
133 180
158 17
178 188
92 144
113 132
22 198
2 123
74 33
188 3
36 171
167 27
33 178
153 144
31 94
50 104
81 174
16 42
199 104
10 183
91 32
92 19
13 110
128 45
54 8
51 77
52 69
67 190
93 97
141 58
68 105
138 42
147 93
39 145
132 2
83 136
139 24
176 19
110 125
143 159
74 52
180 106
175 34
65 187
70 184
102 182
68 53
88 152
7 65
188 58
32 198
181 134
98 18
121 166
179 186
32 128
137 163
116 153
82 19
195 163
157 95
33 16
113 73
105 11
77 187
3 13
38 5
7 111
60 44
38 130
3 38
96 109
102 37
148 111
165 43
148 128
24 92
156 17
106 101
135 23
36 192
59 187
25 144
72 57
41 162
129 87
196 95
27 182
164 37
98 136
156 10
195 184
195 12
105 9
180 23
90 136
45 114
43 9
3 9
196 8
12 99
31 29
34 137
191 91
123 141
172 167
108 69
175 53
28 130
45 6
47 161
195 87
144 107
144 89
173 150
49 20
94 77
187 60
158 197
118 179
148 179
142 165
24 148
97 148
175 11
76 4
59 12
171 41
58 137
103 188
147 110
44 84
178 111
76 150
116 189
180 126
133 66
176 108
126 131
132 94
68 178
78 44
74 59
59 92
7 67
75 152
21 18
51 174
155 112
108 145
66 18
157 165
52 79
17 44
177 194
132 11
58 103
16 122
42 200
123 57
11 199
26 84
107 27
48 15
117 130
160 34
143 90
64 196
134 124
18 103
3 56
83 164
87 163
1 59
172 109
45 88
60 173
196 66
7 142
87 22
155 121
190 7
11 166
94 159
128 12
153 8
44 113
195 111
135 120
167 181
21 53
175 29
58 70
29 119
144 48
144 55
12 124
149 167
67 75
80 200
73 75
200 106
3 135
180 3
20 80
134 129
136 186
89 9
77 27
14 65
108 21
26 29
188 29
1 62
34 145
134 88
36 142
55 30
84 142
57 119
37 114
122 181
74 111
155 59
169 126
19 200
36 28
154 177
167 143
113 70
66 46
193 182
175 171
101 155
56 199
90 152
130 79
102 156
134 175
65 177
183 53
174 159
51 192
186 10
4 136
15 159
82 73
44 64
94 34
126 113
179 85
192 115
69 120
62 35
149 15
165 117
164 68
194 121
79 81
5 177
24 75
34 117
28 48
39 163
6 168
180 85
20 16
15 112
45 2
139 97
32 63
115 29
70 148
196 53
127 101
93 133
28 88
90 87
138 9
170 162
63 151
148 161
147 164
32 104
53 169
127 148
7 91
12 191
75 77
124 19
101 97
199 177
72 174
90 139
16 160
30 116
113 124
97 175
24 179
130 176
14 184
132 49
159 10
167 51
39 36
70 73
154 10
98 114
140 189
13 49
123 46
135 15
142 94
188 197
59 55
12 111
54 175
135 81
105 155
198 104
170 2
89 57
127 182
73 91
17 157
32 110
118 49
84 74
164 66
59 180
129 120
196 25
16 64
132 150
66 151
192 11
26 156
17 195
12 120
76 5
23 99
71 59
97 11
77 22
188 73
130 47
26 113
10 192
55 101
159 26
38 42
168 2
39 184
85 176
115 158
41 184
42 195
174 23
175 90
149 68
24 69
27 40
44 121
3 154
158 70
123 194
106 151
73 10
106 46
148 90
166 38
6 169
65 123
122 41
106 67
79 54
15 154
164 166
25 15
123 192
66 55
90 64
40 166
22 179
188 138
141 32
147 127
94 70
65 197
102 180
6 192
187 109
193 23
122 156
30 107
57 25
63 46
103 155
98 140
198 114
136 12
49 131
89 132
197 87
154 69
110 77
143 139
44 107
133 52
86 118
190 141
106 112
139 178
39 127
129 121
177 70
170 102
32 119
70 12
95 172
150 79
27 105
196 31
44 179
167 124
179 108
109 132
61 57
154 24
120 160
118 175
7 114
187 158
1 193
72 50
45 120
86 189
159 115
131 19
26 71
40 141
110 62
128 109
14 47
111 37
61 89
86 148
151 33
74 199
131 30
82 64
182 176
167 150
45 64
180 135
181 140
131 31
1 99
186 58
150 164
188 122
33 107
109 151
174 66
168 85
17 4
49 31
41 151
82 84
182 178
86 41
158 89
128 78
18 72
42 180
7 85
23 115
4 125
62 44
121 200
152 51
131 12
194 155
118 136
53 98
98 29
103 142
192 82
131 155
83 118
20 68
50 30
196 186
35 106
163 19
21 51
162 176
17 71
138 65
94 122
9 85
200 38
127 5
176 24
199 41
17 135
178 171
96 131
94 19
144 3
12 38
35 19
69 11
129 131
73 8
192 189
16 149
174 14
31 189
137 183
87 193
199 49
142 183
167 200
80 17
165 18
103 191
141 48
90 144
78 123
37 56
78 3
85 46
19 151
61 45
131 170
170 142
132 93
155 130
36 107
66 116
54 164
132 111
36 127
161 167
62 138
167 159
35 17
164 48
154 130
155 159
57 85
11 148
103 2
173 107
144 81
120 25
34 77
21 64
122 199
151 122
108 199
105 15
70 151
170 121
73 13
127 17
10 84
197 155
142 92
133 11
165 158
164 57
19 129
100 192
95 179
154 182
196 32
148 176
79 189
136 64
57 30
99 59
44 159
109 160
188 11
36 57
98 94
195 101
77 101
10 145
146 84
167 95
163 20
49 90
163 135
166 115
24 134
150 29
18 71
82 117
49 45
68 107
161 136
32 94
14 40
88 48
181 18
38 179
111 168
7 148
180 129
53 122
107 19
167 158
43 67
99 121
199 159
169 150
168 51
152 108
139 61
66 39
183 195
43 85
112 200
14 110
3 22
12 69
66 10
145 116
179 83
22 57
53 50
49 121
75 62
11 125
125 99
42 187
73 148
118 23
70 183
88 13
160 8
32 34
102 179
29 129
24 62
190 92
185 9
189 132
31 105
39 52
191 156
89 129
77 102
40 168
50 116
98 166
165 70
14 143
104 8
72 47
88 200
35 126
170 152
144 179
150 141
71 156
86 82
143 28
192 129
179 170
14 11
180 175
47 188
50 55
111 127
135 144
85 95
77 15
11 159
165 151
146 26
133 48
78 2
96 91
142 87
11 144
132 66
77 30
194 115
37 8
184 121
1 192
169 16
59 135
177 192
21 5
22 5
95 76
83 31
167 100
132 186
158 189
89 49
112 137
135 115
79 134
4 124
145 179
27 152
175 9
171 70
108 77
16 188
164 90
79 124
176 157
92 48
132 19
136 190
58 121
41 4
122 173
198 111
55 114
195 35
19 170
181 75
115 61
168 89
118 57
105 59
91 82
14 137
170 193
77 149
52 123
96 117
54 129
102 92
183 46
139 166
145 131
5 144
59 183
188 42
16 145
156 103
37 63
105 197
5 80
133 176
194 169
124 21
131 181
154 42
9 53
31 101
157 168
68 85
51 166
7 101
84 75
178 114
197 53
20 140
130 33
4 198
192 118
62 81
108 122
185 113
150 109
84 156
144 194
9 197
83 174
107 113
134 58
88 175
71 121
3 196
184 91
37 65
70 93
178 180
123 85
22 91
103 131
119 7
67 85
39 18
186 197
105 91
121 145
17 191
168 141
74 167
141 147
137 10
2 65
134 13
157 21
168 107
20 168
60 1
198 189
30 20
32 44
193 200
66 125
174 20
147 162
159 163
52 191
29 73
134 37
97 58
87 107
168 181
99 89
109 67
145 196
156 87
110 99
99 111
149 74
35 95
32 164
178 11
26 141
79 59
53 124
135 2
153 113
44 94
115 187
190 172
143 30
124 47
29 20
87 200
137 66
67 149
83 57
184 26
101 192
126 46
68 161
18 44
30 16
44 178
85 113
36 77
33 127
86 144
35 68
146 53
25 43
17 132
196 46
1 124
132 84
96 34
52 131
55 81
90 5
84 25
199 96
30 85
69 51
67 80
129 126
96 70
158 18
191 6
174 134
77 117
79 97
157 159
11 41
8 65
62 119
146 178
135 60
157 111
103 24
138 103
58 192
84 76
42 35
183 131
12 86
164 169
7 1
49 70
130 46
93 172
22 144
112 145
162 77
11 33
171 47
13 21
66 184
76 153
28 69
51 107
51 85
82 29
190 42
58 77
131 186
99 42
92 132
157 73
144 114
166 30
48 124
75 108
64 153
198 5
99 29
130 81
159 5
47 32
157 54
136 178
39 170
181 88
167 48
8 122
7 150
152 68
164 116
110 37
136 54
112 197
123 174
35 153
85 130
1 44
168 1
150 104
147 36
45 194
126 49
86 29
196 105
157 29
72 37
195 39
185 146
193 164
181 164
144 6
193 52
24 180
110 97
23 162
56 42
123 121
60 96
18 186
191 28
150 6
77 200
165 140
46 163
200 71
159 55
120 58
186 134
93 112
24 48
47 35
89 153
77 95
119 129
86 31
4 21
5 17
103 5
189 89
31 56
200 144
51 46
74 195
34 123
22 102
10 71
66 105
131 67
81 63
110 196
113 86
80 41
161 18
28 35
179 98
114 158
74 98
169 119
131 125
136 170
15 165
187 50
159 40
141 64
87 126
85 119
106 131
63 75
13 162
27 81
49 97
49 124
158 128
96 11
39 137
104 82
51 115
48 127
195 76
140 177
148 36
121 3
38 71
29 196
195 83
63 118
186 152
133 78
133 13
56 107
182 120
82 14
113 166
182 179
4 152
192 26
83 29
112 61
78 122
48 98
169 113
179 70
167 106
10 14
12 3
135 14
3 195
66 193
113 69
40 200
177 144
187 161
45 104
146 79
200 62
110 71
145 133
112 158
60 109
179 165
34 120
9 113
70 51
117 84
136 155
130 56
14 157
133 43
110 186
39 14
52 31
52 10
15 130
194 140
136 100
1 130
172 139
13 65
67 53
149 176
30 9
54 198
118 160
62 55
177 7
152 199
60 110
168 191
104 100
18 100
110 153
31 163
165 89
186 104
76 43
35 7
196 118
81 200
107 120
91 20
37 24
51 74
33 137
126 15
60 151
142 110
169 43
2 91
100 137
167 134
74 37
62 71
68 6
138 72
64 170
60 3
108 190
173 13
65 45
81 52
48 176
169 199
80 134
55 64
186 75
139 12
61 194
164 121
119 41
137 197
183 82
171 9
93 105
10 122
67 78
145 175
165 180
4 174
139 15
80 186
116 144
186 117
138 187
25 161
183 102
120 145
131 69
125 49
168 55
98 127
152 146
75 136
180 196
179 198
7 189
119 101
112 104
105 35
31 164
86 124
173 87
4 107
11 46
9 55
27 6
162 165
17 43
9 139
161 62
198 25
83 135
200 37
78 76
48 36
79 3
10 13
126 117
165 104
154 40
152 38
194 106
39 20
110 129
131 36
13 108
169 106
188 139
56 126
103 154
156 45
105 170
28 186
66 32
134 7
20 70
16 139
40 34
156 137
53 62
164 59
101 76
157 6
64 139
3 36
104 29
79 77
96 132
182 138
63 104
15 89
12 46
185 25
58 17
182 40
149 106
68 137
69 197
184 133
198 87
76 164
190 10
171 181
57 171
68 75
69 186
173 72
71 162
64 183
78 116
46 93
50 75
16 11
82 100
184 198
186 33
72 102
6 57
141 169
126 73
99 66
166 55
60 194
18 162
184 56
182 84
111 200
104 64
9 195
144 59
165 124
36 21
15 13
85 197
46 101
91 55
176 59
142 38
168 200
71 119
82 80
112 17
100 186
133 36
45 70
40 177
196 162
191 161
92 81
195 169
159 153
151 56
182 101
52 70
20 37
36 29
77 32
60 199
90 46
20 158
171 99
105 127
137 145
143 171
161 53
61 17
164 53
22 188
91 100
21 128
118 114
7 84
87 40
23 8
14 125
198 164
150 59
10 107
158 100
114 89
144 44
184 197
129 41
118 19
98 92
58 33
85 50
167 28
30 80
129 144
116 110
192 168
162 105
36 122
134 154
121 196
87 61
131 180
61 3
29 171
132 174
21 186
60 10
123 38
70 47
28 187
51 131
147 90
63 145
170 54
27 183
142 144
90 18
187 157
173 163
156 56
95 109
134 185
21 28
14 196
102 48
113 139
190 104
98 15
173 19
109 130
3 119
2 31
197 171
27 177
176 12
67 97
106 188
79 184
41 77
138 148
62 114
164 112
60 91
11 154
4 54
67 199
184 105
125 65
39 87
161 111
185 174
77 197
71 92
185 188
78 159
35 164
29 69
25 121
30 54
112 22
80 73
26 153
22 132
56 144
18 188
103 73
27 111
105 2
121 119
50 108
33 73
79 8
103 182
195 144
20 155
103 95
98 90
61 183
6 180
197 145
75 193
127 158
155 53
6 13
87 124
180 155
41 113
149 41
76 190
184 25
24 199
152 72
77 25
194 114
128 166
120 132
72 74
7 143
14 26
88 77
58 68
45 69
19 2
197 2
44 38
160 12
199 118
1 118
163 170
17 9
178 121
43 122
181 183
11 71
6 190
63 144
196 97
104 28
165 153
135 112
96 118
98 124
44 67
79 19
6 62
27 192
7 145
40 80
80 100
43 78
62 129
71 196
108 187
86 58
67 133
72 23
193 82
164 131
25 171
98 130
70 117
140 99
128 180
198 78
97 99
174 55
64 15
131 185
189 170
176 97
32 9
68 129
14 117
126 10
14 57
94 127
199 164
39 123
158 129
189 131
75 195
11 37
84 71
37 149
192 30
16 112
147 107
93 104
193 159
100 179
142 86
14 87
8 142
172 33
26 64
31 178
177 162
33 50
128 153
129 91
91 26
51 79
45 171
150 178
193 28
75 27
186 64
198 181
45 185
9 110
134 84
199 75
45 51
65 199
74 119
76 30
9 37
52 184
91 77
197 50
189 36
29 169
197 108
37 142
135 7
13 31
14 3
173 154
58 82
114 167
69 157
184 163
71 74
40 59
88 118
106 38
67 30
40 75
73 174
46 83
27 4
159 64
97 87
107 143
190 119
36 52
155 81
174 9
99 112
16 98
184 108
1 46
1 159
26 24
41 78
86 101
196 106
107 103
161 73
112 86
76 82
73 40
68 180
18 10
6 101
7 46
190 129
141 91
122 200
35 179
120 92
66 56
70 193
16 36
15 49
76 138
144 155
124 25
172 118
111 188
14 165
7 24
191 85
183 78
89 133
64 73
115 6
169 80
69 146
8 126
199 44
48 131
88 85
47 40
4 34
197 95
95 192
9 81
62 177
131 8
143 31
129 43
70 189
180 140
93 86
45 138
48 90
63 156
10 162
174 149
22 10
156 152
165 145
26 68
196 165
72 114
61 14
200 151
176 31
60 177
69 137
165 12
41 188
119 165
53 114
101 135
129 187
144 154
14 95
9 127
34 43
86 102
140 125
20 11
87 50
132 112
183 24
46 146
18 45
89 162
121 158
139 132
123 36
192 84
20 66
166 91
110 93
20 61
27 67
134 44
190 40
95 149
120 111
171 31
164 33
16 12
28 124
98 190
148 172
138 87
15 108
71 155
97 1
77 12
141 85
60 197
18 16
53 34
165 82
133 77
188 110
93 44
50 6
191 14
47 110
171 61
51 92
33 7
109 192
4 192
26 54
19 27
137 27
43 4
132 152
139 124
3 183
68 147
105 182
135 21
168 49
113 94
181 158
88 158
197 124
183 140
61 111
192 159
35 125
166 76
74 114
66 93
38 87
42 127
58 154
80 110
39 171
119 187
90 3
78 109
50 96
185 129
27 10
101 37
80 104
196 188
192 112
195 106
94 72
129 191
151 159
103 49
133 156
149 19
77 37
29 134
168 145
172 159
196 123
85 61
77 83
25 190
31 95
54 49
29 158
183 86
151 102
4 66
72 95
74 83
190 26
38 70
141 41
82 150
158 193
152 127
35 113
146 150
7 172
124 22
177 75
113 49
161 102
11 56
138 167
66 54
165 84
151 175
190 131
143 64
163 110
186 140
107 38
3 197
14 90
49 181
78 102
85 159
107 170
62 169
35 103
152 110
146 191
69 43
108 175
101 88
125 111
113 100
117 56
132 28
144 23
113 199
118 7
167 146
150 193
46 149
114 70
191 145
11 121
178 17
104 120
122 194
175 57
90 106
140 159
21 41
119 5
26 85
92 127
95 178
185 54
80 39
20 26
180 177
93 156
142 23
114 172
168 53
154 102
54 115
138 142
104 10
157 11
60 179
159 108
4 40
79 193
185 149
186 106
112 59
78 63
171 157
47 60
10 37
153 176
136 20
109 183
48 17
195 25
19 61
57 194
184 77
107 64
130 127
136 169
101 134
155 179
71 129
141 6
139 165
134 28
121 124
160 85
170 68
1 164
124 34
19 23
139 118
116 154
42 111
75 155
51 80
165 185
161 48
128 144
42 86
190 182
20 82
141 133
16 183
131 79
115 200
191 132
124 191
53 138
100 166
158 56
172 99
5 68
21 31
7 132
147 23
53 102
35 136
86 43
193 49
79 159
146 44
169 190
19 186
177 165
105 133
25 197
101 72
190 187
95 162
126 119
136 59
133 123
155 45
20 145
105 190
16 154
193 97
130 193
33 153
24 152
185 121
21 72
118 11
145 37
92 83
128 33
118 15
109 74
47 79
101 156
168 4
158 175
47 140
49 159
126 124
11 111
144 192
8 110
165 10
189 4
3 166
53 162
81 183
19 76
99 189
130 48
73 92
6 99
6 98
82 136
72 61
8 5
146 104
68 99
26 66
170 124
198 11
150 113
49 68
22 43
2 194
33 86
107 132
50 133
92 35
196 155
155 152
129 75
171 177
162 75
95 142
176 144
14 173
67 144
119 131
176 7
27 176
30 163
22 105
155 86
90 68
131 178
50 31
66 120
116 194
19 13
170 114
199 181
108 198
54 82
172 184
129 51
155 61
178 38
2 199
32 150
72 66
176 60
43 88
144 21
20 43
178 58
107 66
60 125
81 19
126 47
172 27
66 15
187 145
175 125
37 195
58 6
179 96
95 9
138 81
173 146
118 189
170 13
148 43
95 69
196 182
120 186
59 46
140 102
34 73
180 200
13 95
113 170
94 173
142 112
129 56
171 168
141 118
66 123
33 132
187 71
79 17
186 56
194 120
72 187
22 168
7 166
27 191
154 43
183 139
62 97
123 200
17 59
17 113
77 60
161 139
151 54
43 186
105 156
46 138
12 61
67 5
177 31
99 71
97 135
62 165
167 65
123 96
178 89
171 161
91 168
82 135
53 59
166 19
106 15
87 180
145 170
181 61
74 184
31 182
2 136
149 64
137 173
152 126
52 42
151 148
153 177
91 134
110 23
101 13
125 156
186 155
189 109
182 22
175 15
146 129
40 134
58 56
132 196
103 135
31 155
95 26
49 52
86 170
5 97
49 101
178 109
89 115
174 176
172 53
157 76
46 154
24 71
153 114
32 190
112 54
72 104
102 118
51 59
119 81
127 196
67 59
103 1
191 22
93 136
180 124
67 70
18 120
84 122
165 38
12 83
107 112
189 19
175 166
177 90
192 25
50 200
140 72
140 148
188 50
67 90
60 153
199 140
57 106
9 164
51 118
116 103
77 179
154 174
84 126
166 173
196 176
15 168
42 148
16 76
142 39
124 111
89 138
60 139
193 48
11 182
194 185
18 157
196 191
103 139
50 137
58 38
159 19
164 95
75 122
19 104
7 149
84 123
80 13
159 120
195 171
27 141
78 18
30 71
110 157
45 89
186 178
3 137
191 105
81 20
83 34
6 147
65 137
147 66
109 171
124 57
1 119
16 89
137 185
130 50
167 77
132 79
158 110
115 72
135 126
123 97
138 128
124 58
25 170
26 114
184 186
31 85
91 29
95 74
198 10
86 174
4 48
88 55
86 185
54 155
27 118
135 162
104 124
72 64
175 188
64 135
31 51
182 33
29 199
175 139
55 135
146 190
2 159
50 111
156 79
179 47
188 17
98 47
134 106
167 183
24 189
123 136
83 168
91 125
37 91
153 124
135 183
119 145
122 14
158 136
82 181
91 67
172 178
164 152
171 111
20 24
175 192
44 191
63 44
166 134
17 164
110 173
32 169
35 108
83 70
149 32
151 186
68 145
187 46
194 82
96 177
23 36
60 192
17 159
181 154
29 44
18 22
50 106
48 22
135 68
162 200
110 11
145 42
35 119
40 70
32 142
64 85
172 55
140 37
73 17
164 194
109 113
60 39
121 156
162 160
148 152
155 109
115 25
175 127
115 1
170 111
113 54
127 140
156 38
31 110
44 180
96 115
105 176
117 157
144 13
28 106
139 76
139 37
132 180
164 176
125 146
22 92
141 192
136 156
54 35
15 141
94 188
187 152
21 88
196 83
163 169
126 110
95 39
139 79
33 193
25 165
13 183
186 82
63 152
118 191
84 154
182 66
124 181
25 167
155 11
61 35
149 61
132 99
63 187
146 39
161 172
38 21
3 65
198 52
80 18
116 86
119 77
163 166
135 66
181 64
11 184
138 28
147 142
162 136
6 33
144 10
16 54
187 15
176 121
32 19
83 33
155 143
142 30
36 32
33 104
10 196
44 14
113 76
4 88
196 55
32 193
135 109
2 195
68 81
117 2
62 3
103 189
64 53
166 194
127 69
131 32
61 74
131 17
31 102
105 92
165 186
65 32
170 167
107 172
10 125
103 26
48 142
53 70
39 55
159 45
121 192
79 105
27 42
91 52
80 11
87 137
196 190
130 58
9 150
47 116
80 88
33 123
189 14
70 144
77 153
37 99
178 167
12 158
169 145
197 111
68 22
188 7
53 93
161 58
193 88
77 45
124 151
163 189
101 117
175 198
63 124
52 26
161 32
166 143
75 116
17 109
85 185
74 28
61 127
58 22
139 67
184 154
89 176
160 164
2 187
55 60
89 40
48 37
177 100
55 83
155 102
152 112
151 8
198 192
154 72
72 185
41 36
178 23
176 140
58 127
157 1
106 132
179 167
192 98
41 145
194 107
154 92
55 117
89 106
18 151
49 42
61 138
67 14
21 43
117 119
43 168
66 36
169 92
188 49
21 121
77 47
53 55
97 80
74 55
178 117
131 86
3 100
20 17
40 2
197 76
43 12
192 94
166 161
111 60
17 96
35 46
157 105
108 43
159 62
154 51
97 21
71 109
126 93
172 124
164 106
55 181
12 5
39 48
22 55
98 129
96 47
185 166
11 196
98 122
142 88
149 107
124 152
182 139
29 125
133 158
180 194
83 51
113 145
136 92
87 164
64 8
69 20
159 186
114 79
11 94
63 135
63 188
23 86
75 143
165 83
183 37
32 90
165 105
125 38
15 35
27 72
137 110
125 31
155 76
121 152
173 22
161 35
46 161
88 190
132 40
142 106
4 78
45 66
74 137
51 44
69 54
157 85
195 185
130 13
187 133
193 13
114 24
196 199
74 171
200 194
170 120
12 60
23 194
22 56
67 100
23 192
170 50
21 100
92 100
113 91
180 96
25 131
99 138
68 109
70 22
154 97
139 34
194 74
15 68
170 56
111 96
98 78
48 73
187 98
13 25
145 59
61 38
180 105
138 56
29 189
78 107
4 39
51 116
32 103
181 84
104 62
17 22
141 189
47 136
23 164
36 175
114 5
86 106
109 86
124 82
122 195
122 155
159 188
50 37
111 175
101 11
32 127
104 193
178 169
166 182
137 56
22 67
179 4
188 59
188 25
71 189
48 31
149 112
146 135
58 84
17 21
66 48
39 185
185 193
167 128
170 112
61 102
64 193
27 14
161 84
31 129
180 60
56 30
146 107
118 156
131 199
160 197
27 89
90 121
60 2
182 81
4 155
137 192
179 190
181 106
72 11
62 101
113 79
15 82
184 2
40 68
54 183
198 72
165 64
12 42
33 110
82 40
106 12
181 95
156 22
56 191
105 144
174 155
7 100
77 164
50 123
119 100
67 128
96 61
51 156
148 115
199 31
51 19
39 68
89 170
105 126
171 23
178 107
101 175
16 59
115 81
91 117
27 146
39 78
57 121
50 58
172 62
116 95
119 50
26 132
76 165
199 90
184 84
114 142
127 18
76 115
168 93
130 77
5 9
166 156
98 95
61 24
121 143
97 45
31 38
32 3
144 54
36 14
23 98
1 76
34 99
4 121
54 48
186 25
130 14
135 107
132 176
33 81
42 141
100 189
61 51
149 9
41 194
143 128
160 30
177 113
178 83
136 55
144 146
64 121
130 196
198 187
111 52
166 146
140 153
94 87
50 162
58 175
155 123
87 152
153 192
139 53
175 190
55 180
31 137
73 178
89 149
86 96
133 33
109 53
91 10
106 2
145 94
63 177
197 23
87 120
178 29
110 22
127 124
153 117
175 72
164 129
8 174
21 178
180 108
125 149
157 63
198 150
48 43
69 67
84 193
80 102
66 183
3 75
185 70
103 86
47 107
11 147
161 110
1 172
11 100
46 115
11 176
72 90
159 180
50 41
187 23
70 28
13 200
142 133
85 83
94 149
93 57
114 174
73 60
45 31
113 95
141 35
17 105
31 6
97 131
156 178
84 9
20 151
62 182
16 8
152 77
79 149
89 93
144 75
131 43
39 42
143 27
82 169
140 23
190 31
12 141
26 4
40 158
105 30
194 190
172 34
34 114
65 158
163 103
25 10
103 149
28 78
41 197
57 82
161 14
6 139
67 50
14 93
163 21
200 59
102 121
44 131
36 99
69 83
86 134
70 95
132 41
54 140
80 153
50 92
61 52
165 173
121 154
48 16
38 109
130 70
150 166
137 141
47 118
18 169
66 37
125 190
182 8
188 183
40 65
134 42
156 116
75 112
46 39
73 86
157 139
133 200
36 195
53 24
4 102
135 152
54 143
129 32
193 40
24 56
157 75
127 125
115 111
130 186
169 5
130 148
92 163
133 161
115 190
109 140
156 124
24 96
200 46
58 15
63 99
50 19
49 9
53 87
139 28
70 91
165 24
71 198
123 19
192 3
35 12
15 144
12 47
31 44
19 69
21 175
134 71
79 42
141 134
193 110
58 115
191 153
94 154
58 195
104 86
44 115
95 165
188 9
7 196
24 172
178 65
58 52
147 123
112 144
52 136
174 49
137 148
115 79
82 68
118 67
133 111
126 91
1 188
124 175
142 152
137 142
92 186
149 55
40 92
20 141
76 159
92 32
193 50
51 32
8 107
95 173
107 59
141 198
137 103
135 20
140 42
156 11
115 133
165 63
114 110
71 126
171 165
118 171
29 138
91 86
14 178
83 100
96 51
192 146
54 160
9 50
51 57
131 192
135 36
137 122
198 162
10 193
76 102
33 175
89 67
189 38
40 131
30 138
57 126
83 30
30 88
83 126
28 83
122 131
70 21
100 63
84 133
117 41
144 47
146 194
36 100
130 146
85 35
85 104
83 36
66 189
134 19
66 100
70 13
53 130
194 27
154 73
149 138
39 111
189 69
164 159
76 178
115 189
101 36
19 135
41 192
144 111
168 63
86 146
114 102
148 56
173 11
184 174
119 84
44 23
139 7
56 187
194 17
79 177
57 26
20 132
189 127
66 8
89 10
175 138
162 33
93 55
152 198
28 122
29 193
102 131
66 173
153 36
93 184
116 127
87 75
127 167
28 123
40 54
139 71
73 179
19 97
5 178
6 83
50 89
179 129
120 146
152 46
112 7
64 197
56 105
114 134
187 53
125 182
83 103
144 117
40 121
144 131
88 141
131 136
171 125
126 78
16 52
200 179
198 90
172 36
119 139
114 146
95 79
55 147
50 161
17 173
15 162
92 108
168 180
5 105
135 31
144 115
14 199
90 117
26 163
99 129
119 58
165 21
74 191
183 93
125 193
47 36
162 60
21 30
74 104
22 134
73 41
35 2
164 70
199 57
51 6
130 7
90 184
167 163
130 132
28 100
81 89
190 77
48 190
115 174
151 44
68 169
127 53
50 191
160 73
47 29
112 150
65 133
38 7
52 24
122 128
168 158
194 71
135 186
199 151
121 181
154 74
151 36
85 69
14 4
84 5
55 40
100 161
170 20
31 153
184 64
12 48
185 13
92 14
180 117
38 27
70 81
59 190
191 75
89 134
144 98
177 158
166 145
22 29
152 194
157 90
104 20
165 77
113 5
28 47
183 62
180 101
127 145
8 51
12 177
50 42
150 18
165 137
147 73
149 122
101 141
137 164
117 154
162 93
73 125
146 11
36 165
168 74
96 164
182 79
48 189
99 67
182 76
167 8
26 32
40 78
77 82
172 83
178 57
15 6
190 50
165 102
124 190
5 162
175 142
165 129
177 127
105 166
138 192
190 132
131 114
121 174
71 190
4 12
194 32
176 10
110 76
90 76
62 174
129 194
12 126
75 2
125 3
131 127
67 174
89 125
99 87
3 141
9 112
39 92
67 39
61 23
185 119
139 121
140 152
4 35
36 93
67 117
152 175
172 21
24 95
177 122
36 170
191 40
169 112
95 97
84 21
90 128
87 79
141 103
42 102
124 76
99 166
41 196
121 179
120 44
150 179
104 162
48 80
32 179
18 36
64 59
96 129
80 36
185 167
144 12
56 150
146 131
76 173
134 145
136 115
94 69
53 73
183 103
189 196
99 61
105 134
127 11
181 86
146 30
76 83
186 13
88 180
123 161
8 47
113 27
180 99
33 147
194 40
70 199
84 167
109 102
83 144
147 168
160 77
182 75
132 23
121 55
76 192
189 135
158 34
176 54
71 102
196 150
76 41
47 50
70 99
64 76
87 132
106 78
72 22
176 111
182 124
21 147
94 57
58 132
143 34
154 149
36 43
190 85
91 132
138 24
133 129
134 18
90 119
91 192
61 180
36 173
191 42
91 159
186 8
183 65
7 17
15 189
67 125
136 117
22 152
23 26
108 20
144 93
167 11
163 90
141 200
62 162
170 175
29 112
134 104
156 94
162 16
163 191
194 100
143 118
45 85
2 130
46 15
127 146
176 52
147 113
154 21
179 50
183 17
33 160
197 159
185 191
151 120
2 58
2 93
77 73
39 176
95 130
77 181
42 40
75 79
143 43
77 176
100 125
130 125
197 19
108 76
21 129
164 171
30 154
57 40
74 158
129 145
20 44
92 27
9 118
165 190
49 55
127 10
192 53
178 3
157 153
131 35
73 69
117 18
76 103
55 188
121 138
38 137
146 102
193 156
35 64
67 24
156 140
144 134
182 198
147 96
52 54
180 17
173 144
142 5
135 147
40 117
140 185
194 56
21 115
95 23
3 30
172 117
24 120
164 58
15 11
46 125
103 10
91 116
2 177
16 7
133 42
103 79
68 150
157 67
195 13
167 9
168 109
25 66
121 30
48 87
73 197
127 23
150 46
131 47
200 86
189 119
194 89
187 153
95 75
87 151
16 73
35 14
97 75
53 105
187 106
122 157
66 159
183 96
39 7
189 45
42 36
73 49
92 31
98 158
16 38
115 124
198 157
77 56
141 129
189 72
24 22
135 72
96 194
104 143
165 133
160 49
131 172
55 96
171 21
167 101
174 118
7 154
191 34
69 111
79 1
13 16
31 133
8 97
168 102
51 150
186 181
17 146
11 128
111 81
150 75
2 200
178 194
93 145
21 65
194 39
185 76
115 175
180 51
90 58
144 85
155 38
162 123
52 181
17 147
46 168
192 105
15 67
5 186
179 153
125 142
36 167
108 62
105 46
132 36
148 105
40 30
113 38
125 95
4 46
98 45
113 173
192 43
17 196
40 76
178 151
199 103
108 153
3 39
100 15
191 126
117 196
44 149
127 194
73 181
168 37
143 105
86 173
71 142
23 188
113 142
125 200
11 29
13 103
6 86
18 166
108 104
58 193
195 167
164 8
41 142
25 28
173 27
197 120
64 144
150 148
54 182
193 175
73 85
117 188
19 119
20 88
169 77
7 165
93 85
173 112
175 71
34 119
189 117
108 106
84 169
29 94
85 12
133 191
3 159
91 33
86 36
39 58
41 52
184 141
120 130
5 166
110 53
14 23
112 68
47 43
5 78
136 86
153 52
98 155
173 129
144 103
113 16
55 69
104 189
77 127
29 179
129 161
15 62
60 28
61 92
83 53
68 123
191 164
21 25
58 9
12 87
120 68
86 48
188 21
110 72
7 36
93 58
89 116
73 44
142 58
119 91
135 116
20 40
21 59
157 62
27 134
141 154
132 48
22 118
140 64
70 132
132 155
162 99
144 17
131 187
33 68
164 100
178 119
160 148
3 7
27 39
169 122
9 63
99 55
87 1
5 188
33 1
107 28
169 19
26 186
148 59
140 61
62 168
28 127
192 63
54 190
175 25
6 194
19 165
65 139
172 3
130 115
179 61
116 69
17 114
67 186
179 7
66 34
88 99
167 67
75 196
184 136
198 193
84 130
182 50
173 69
95 12
135 74
81 151
106 96
93 99
154 107
51 155
74 198
25 47
169 177
74 107
96 150
149 58
92 75
84 89
168 96
51 12
76 143
3 124
197 51
101 160
109 100
90 109
57 21
52 159
90 51
8 80
160 91
62 120
126 33
179 141
24 127
73 4
134 126
150 126
12 149
74 127
97 119
185 117
30 66
130 22
187 47
88 182
119 64
15 158
48 146
146 89
50 81
191 11
81 143
52 125
92 198
186 99
175 59
97 81
198 77
108 188
193 116
50 40
97 7
15 28
35 144
185 199
157 135
151 5
44 4
52 163
105 82
85 65
34 2
186 174
145 33
163 116
90 63
17 13
99 176
91 59
160 36
117 194
163 193
96 12
150 3
91 185
15 52
14 109
127 95
166 155
139 33
94 50
80 61
167 111
180 152
14 192
129 25
117 23
35 43
179 10
163 148
31 108
103 136
161 41
183 111
121 159
167 112
12 18
167 55
53 20
105 72
82 21
49 157
57 143
69 3
163 136
128 5
16 129
80 154
150 17
57 125
14 70
56 152
45 150
3 117
113 98
23 91
152 197
180 154
194 156
93 109
93 189
13 175
133 97
78 19
87 27
184 165
142 187
186 154
193 62
149 20
30 38
44 132
126 20
103 82
73 54
142 164
157 108
157 38
171 54
145 160
200 98
160 4
25 91
148 191
167 54
178 133
158 124
9 125
59 54
192 186
162 174
189 11
128 139
197 83
100 93
33 70
144 7
112 20
65 61
60 49
113 62
13 4
191 2
152 57
87 5
29 195
68 11
186 173
49 87
149 171
62 68
86 64
197 31
22 160
50 165
96 121
142 151
107 34
8 43
75 188
96 176
108 14
133 17
106 100
19 144
37 103
105 42
128 70
194 95
188 133
140 160
144 33
103 85
199 149
154 31
142 159
96 45
194 143
142 139
179 67
99 123
33 43
139 181
1 80
73 35
182 185
29 60
14 101
82 185
192 31
9 173
36 24
80 84
61 124
49 47
9 51
33 117
2 70
146 41
60 37
153 162
80 76
138 69
157 33
18 82
23 122
172 96
42 159
96 9
104 148
172 42
195 64
61 90
33 22
165 30
62 65
95 65
72 84
178 155
100 111
108 105
179 185
140 129
53 15
146 163
77 134
126 178
196 171
15 83
101 118
93 181
169 167
174 119
79 158
68 197
151 188
167 126
129 149
22 107
57 79
109 191
55 130
46 31
130 173
200 101
199 79
115 80
61 146
31 28
69 48
155 1
82 2
18 111
111 83
119 162
166 188
94 163
178 159
111 137
94 175
64 89
38 75
84 46
35 91
156 85
124 110
130 100
184 6
177 146
150 185
61 84
124 83
3 59
88 8
185 83
69 66
42 92
83 54
92 15
17 23
66 76
97 85
2 57
175 191
169 171
40 23
167 184
6 176
140 197
197 161
91 65
174 179
66 11
13 146
63 106
137 17
49 175
128 75
24 66
132 38
152 33
44 83
55 100
135 166
2 56
17 119
191 60
125 24
118 104
135 4
15 103
150 19
43 65
156 14
112 65
3 129
125 2
170 188
99 80
6 84
133 96
87 84
186 35
36 51
78 27
142 51
131 11
118 132
87 32
52 132
129 18
193 65
172 5
86 184
33 119
110 83
53 86
200 181
52 93
72 77
155 80
32 89
163 33
81 167
161 43
105 65
147 24
194 5
136 165
28 163
6 198
140 151
58 75
34 196
44 128
148 63
158 145
119 82
191 57
137 149
153 156
65 69
119 105
57 32
18 33
112 84
200 10
189 124
84 56
68 41
134 99
192 197
15 121
120 2
139 38
180 67
54 121
150 89
53 45
183 198
146 31
161 113
78 26
156 61
127 108
67 151
98 173
176 120
163 123
109 11
49 58
126 96
169 139
49 80
38 191
102 196
134 54
138 186
154 105
139 59
46 77
18 187
25 98
118 120
166 24
172 67
175 91
106 82
169 97
82 166
32 158
194 170
75 106
97 188
10 191
54 96
127 197
139 87
147 109
32 76
136 149
75 80
17 121
76 71
29 9
111 159
127 165
2 14
193 18
171 159
112 153
186 177
161 77
158 131
28 58
190 68
121 106
114 159
71 14
21 95
109 10
158 156
13 181
74 68
92 131
25 138
103 111
2 114
119 176
178 158
149 116
98 56
28 198
174 71
171 11
43 66
111 92
150 143
164 69
89 160
66 98
200 95
165 109
165 112
118 30
5 57
60 88
175 6
136 106
108 94
69 36
193 136
48 121
92 13
51 87
26 39
178 110
118 78
198 18
111 40
19 128
82 144
156 154
73 155
83 113
175 81
178 183
143 12
115 30
56 197
27 161
65 121
170 76
157 197
36 88
37 119
44 153
24 193
83 80
7 93
81 156
52 182
106 102
25 56
194 48
13 47
63 183
51 163
191 89
104 58
189 33
101 21
26 125
137 22
126 28
69 155
5 49
6 193
162 20
181 2
14 12
181 65
96 20
83 10
140 56
27 15
193 93
175 155
74 46
123 101
185 27
9 179
7 9
129 169
160 66
52 104
195 44
110 35
76 96
166 74
68 177
84 53
36 97
147 72
39 138
8 6
158 188
147 52
65 39
104 99
184 8
49 43
154 89
154 13
59 108
145 161
127 21
169 175
44 5
98 165
165 147
61 103
12 199
143 47
133 153
58 139
182 61
184 76
38 99
32 191
171 192
119 83
199 128
84 190
86 80
62 102
190 91
154 151
187 183
127 14
127 104
87 80
193 135
130 87
6 152
59 199
83 71
65 153
105 49
69 25
11 1
38 78
95 139
120 126
96 112
167 137
150 159
177 93
70 108
5 195
7 141
38 91
98 170
161 174
184 44
42 80
64 173
162 4
45 116
160 62
52 3
60 58
36 67
128 190
82 26
67 124
42 69
8 39
104 110
179 39
147 71
23 103
173 119
164 72
130 49
92 177
122 58
170 17
161 101
46 142
182 20
33 94
101 45
114 28
166 46
160 191
105 172
103 151
171 121
161 184
4 75
112 88
124 97
9 15
69 46
32 132
24 185
75 96
29 111
126 199
122 77
10 6
60 140
59 80
6 89
19 137
124 149
164 7
134 110
39 132
80 77
87 20
182 30
118 184
120 185
63 79
121 13
131 37
61 142
55 13
41 101
179 136
28 145
4 165
4 193
36 152
57 67
102 91
16 109
39 85
165 116
75 28
73 61
157 112
178 79
123 115
58 10
52 63
110 1
127 64
187 197
199 18
186 96
10 97
9 160
38 62
172 85
114 126
55 194
90 168
171 173
26 128
130 76
161 176
78 17
164 145
171 34
47 37
8 82
159 123
124 85
38 52
7 199
134 45
101 19
116 29
139 174
179 89
106 13
166 80
173 45
122 104
94 78
26 118
86 135
85 129
2 152
79 92
6 189
30 26
194 94
78 186
67 25
101 59
111 118
60 174
165 156
68 88
99 179
128 147
99 18
129 123
155 191
154 118
171 112
6 163
162 158
171 60
155 160
54 43
98 131
57 97
163 59
24 133
152 82
71 130
187 68
43 27
172 140
168 69
187 120
139 49
12 63
93 185
39 153
156 200
163 35
101 186
37 35
34 27
141 98
183 143
122 142
94 187
82 96
168 148
22 184
42 174
81 2
158 199
17 169
141 78
172 119
50 52
130 162
32 67
59 115
139 152
48 44
151 187
161 177
28 144
49 85
65 184
177 45
67 136
179 106
115 84
55 90
168 61
61 110
111 73
86 132
99 187
159 181
147 134
50 195
165 54
70 15
11 183
118 140
172 46
48 148
92 101
138 183
20 137
150 87
2 107
88 32
144 167
170 42
179 187
148 133
131 134
182 72
87 141
28 162
3 47
179 192
48 152
67 123
68 128
81 7
75 130
159 124
183 8
166 159
64 110
126 157
87 83
97 18
43 30
179 139
168 48
48 182
119 197
50 163
132 162
98 65
162 30
67 156
134 195
192 87
93 11
200 118
155 108
67 28
26 135
5 171
9 148
168 136
56 62
31 149
49 17
176 152
112 44
123 61
199 156
39 86
132 177
55 177
86 100
165 176
32 93
145 43
152 113
30 93
112 11
18 115
82 48
92 58
98 112
26 92
86 44
185 141
115 55
144 88
151 86
192 44
3 41
95 66
72 137
64 2
77 92
60 18
141 16
149 5
191 61
43 162
74 80
167 160
67 56
171 79
36 145
179 19
185 177
148 182
184 67
145 177
61 134
35 100
31 162
83 116
138 198
141 186
38 194
38 22
116 124
99 151
130 16
125 119
87 113
120 174
56 102
88 62
159 60
57 77
81 105
142 64
144 18
111 10
41 102
29 50
138 134
87 33
4 172
144 182
97 159
173 12
5 91
7 183
100 12
161 122
170 128
50 167
104 75
107 137
93 199
173 10
128 41
11 63
148 85
7 120
92 162
170 134
151 1
2 147
192 110
180 36
175 168
178 51
33 4
5 141
133 182
42 37
3 5
120 84
195 32
1 106
62 103
102 15
72 129
150 95
136 166
140 57
130 66
120 117
155 114
57 95
36 75
125 135
133 164
192 18
51 126
44 104
19 3
151 73
64 9
135 172
187 83
157 60
57 59
142 14
158 111
18 133
121 198
22 74
196 36
153 115
112 146
98 167
47 102
154 189
113 146
95 147
18 74
185 49
123 1
147 130
199 125
29 61
107 155
181 60
11 45
85 163
100 34
97 71
12 185
39 74
53 163
120 125
175 99
69 180
159 184
106 31
89 161
63 14
164 91
100 118
35 71
22 47
118 106
51 65
21 139
176 76
112 13
75 15
85 17
38 81
173 179
91 3
153 149
32 64
189 185
48 20
105 8
146 56
5 190
77 87
9 56
114 191
168 26
190 159
55 139
179 169
59 4
64 137
49 155
143 158
70 178
192 165
187 73
124 7
17 50
142 171
162 27
11 25
178 165
169 87
98 88
105 75
78 121
143 130
18 189
177 191
194 157
154 38
57 196
111 5
47 10
5 130
99 69
163 24
51 26
137 28
155 94
197 174
1 26
54 20
30 22
24 98
107 81
48 78
57 185
35 118
175 73
63 97
91 139
170 66
96 166
199 39
188 84
64 68
34 21
91 12
164 101
35 112
71 3
120 198
64 94
94 9
131 29
83 68
52 196
65 192
11 186
124 39
45 140
180 183
18 51
118 138
3 126
36 139
24 181
17 70
108 95
93 125
93 37
111 193
78 62
33 125
199 178
58 146
49 111
107 151
137 78
15 96
95 166
73 145
76 11
9 137
193 44
88 65
27 193
164 75
109 69
193 81
66 22
117 5
112 119
100 132
36 50
73 122
84 159
7 12
189 10
165 132
24 72
175 140
38 147
20 7
106 24
83 16
108 173
52 85
127 83
112 41
152 49
37 85
51 145
60 81
127 37
7 75
58 44
112 168
106 198
89 167
29 65
139 26
10 167
192 69
123 189
76 152
40 170
13 89
166 170
110 59
83 39
109 173
184 115
194 98
104 87
30 46
30 89
200 32
94 123
75 53
137 119
101 143
99 167
199 25
36 70
30 81
27 154
141 153
75 176
141 62
60 114
71 34
50 98
74 26
75 89
144 150
189 184
5 146
67 140
101 142
135 195
105 19
166 126
21 75
180 158
86 137
121 108
68 194
36 22
55 18
59 157
145 35
22 97
32 22
98 57
68 122
173 195
116 60
2 134
62 143
2 55
124 29
25 141
118 74
151 77
182 129
157 199
2 180
135 39
75 83
32 52
127 3
68 76
158 72
167 83
6 90
196 153
165 189
140 34
26 99
164 192
12 130
129 60
47 146
68 132
136 42
171 167
84 111
51 62
89 24
130 88
113 148
107 24
140 41
89 69
198 136
68 25
87 162
132 82
51 101
126 183
35 143
59 47
190 110
3 158
168 27
119 25
194 151
171 92
29 187
158 22
58 173
14 179
11 150
188 43
126 188
93 163
3 43
125 16
99 158
137 96
120 55
191 16
41 88
66 16
188 19
68 173
181 28
123 139
167 29
77 186
109 37
188 8
92 68
63 56
187 147
176 145
98 17
118 124
136 105
106 156
136 188
187 41
48 97
78 156
142 156
6 188
170 47
140 135
5 19
103 184
38 79
67 127
23 146
78 200
88 196
53 71
96 178
100 24
98 126
174 188
41 9
119 36
84 20
147 139
155 95
107 145
144 45
180 73
5 14
116 198
157 4
194 46
103 100
15 125
153 127
98 196
166 200
187 127
43 93
163 154
56 166
28 103
21 107
45 37
161 16
129 113
56 109
183 124
1 19
122 6
80 35
92 191
13 188
105 24
95 187
94 144
153 67
126 9
11 26
108 151
200 28
123 175
82 92
99 128
107 181
32 170
129 122
29 140
135 96
164 155
50 198
73 194
151 172
41 53
194 104
177 190
72 60
137 60
112 70
193 107
147 62
168 47
155 181
23 176
92 62
141 178
55 103
142 181
2 118
35 128
141 108
3 44
126 39
198 154
1 12
72 34
97 112
57 197
11 5
99 30
14 163
182 187
12 156
189 88
14 134
106 84
191 135
39 190
121 114
132 74
70 3
113 78
49 82
174 143
97 107
18 190
190 37
26 124
6 36
127 6
80 12
83 98
169 83
84 198
69 62
134 78
148 122
93 18
109 177
167 156
138 95
146 110
73 162
47 200
120 71
42 146
117 92
197 52
134 72
43 109
121 163
8 170
43 191
10 16
18 87
176 102
55 187
198 19
83 2
173 149
165 91
82 154
111 194
166 87
27 79
124 171
99 101
81 192
181 115
85 94
54 94
156 29
70 135
138 93
21 16
125 12
170 46
68 157
35 59
3 109
74 96
196 2
12 166
83 192
60 149
59 173
196 167
199 28
181 157
64 17
41 94
113 34
91 21
169 50
14 138
185 133
144 181
98 58
49 34
94 15
117 184
193 12
128 182
85 149
168 163
92 196
53 135
46 165
83 48
40 9
45 151
110 54
186 127
72 46
102 8
148 26
34 69
115 88
124 185
1 160
7 18
113 176
24 200
152 191
78 154
8 42
178 193
108 5
99 173
107 200
110 123
12 180
36 146
7 47
112 101
20 10
53 165
19 53
26 33
150 199
17 163
177 83
79 173
123 176
104 7
143 198
4 147
41 180
151 95
127 103
80 181
1 85
40 31
25 35
152 190
20 36
108 114
162 111
43 101
43 74
116 59
149 197
168 133
100 68
47 197
188 181
139 195
56 10
83 21
108 144
53 167
118 89
39 114
193 71
128 137
104 130
139 109
178 91
200 7
70 169
110 198
87 96
195 53
199 133
140 31
130 36
102 69
134 51
20 124
199 116
75 147
175 100
199 77
23 33
162 115
11 19
77 50
129 139
181 58
158 51
148 12
177 78
90 83
38 134
181 8
25 29
182 94
124 27
60 57
20 51
153 103
131 161
5 160
41 56
133 86
51 104
43 40
137 118
176 134
10 92
97 126
97 192
60 48
5 116
64 109
63 160
43 176
60 145
157 180
118 173
179 69
20 15
196 78
40 143
173 43
134 87
80 183
143 149
92 176
164 78
66 91
197 44
174 164
166 132
112 129
29 58
175 128
186 109
12 186
200 142
165 23
170 173
181 125
185 29
4 37
194 181
148 18
167 123
129 177
129 13
118 41
58 42
86 139
136 181
84 51
46 192
101 50
166 138
57 134
121 136
64 62
39 119
40 64
78 153
148 188
24 45
65 170
106 39
165 149
166 112
10 172
79 55
174 38
18 116
68 200
181 192
33 57
61 16
196 113
27 159
64 79
36 71
121 111
22 85
81 108
17 120
99 139
101 158
180 139
111 160
42 137
120 16
59 165
75 171
64 80
114 96
169 63
49 172
173 70
156 58
11 39
143 191
4 68
162 26
78 136
132 51
166 85
192 99
14 75
24 93
85 194
66 157
172 165
89 169
75 146
100 188
164 34
129 44
67 19
96 198
94 162
100 6
5 74
97 144
10 181
162 172
135 25
11 24
70 55
25 2
165 107
101 170
169 184
134 12
121 1
15 132
7 191
103 33
46 27
23 97
8 22
186 55
54 61
150 117
77 93
26 81
181 116
13 97
64 96
143 58
161 66
106 44
77 158
176 185
71 133
148 167
74 130
177 87
135 6
101 80
74 187
172 127
86 32
25 137
34 153
168 5
157 146
119 179
142 160
59 118
150 21
20 89
110 48
39 62
33 98
46 57
38 17
130 99
193 22
79 141
108 45
166 147
46 127
155 173
43 23
8 46
9 107
111 164
23 35
75 103
35 172
91 177
154 119
67 17
191 200
85 56
48 198
138 117
4 63
74 165
10 169
171 6
102 159
29 144
199 19
166 168
48 63
15 122
4 85
180 20
159 20
185 77
49 116
27 158
173 47
99 57
86 164
117 53
164 21
127 181
133 119
133 196
106 14
75 180
36 31
133 171
99 39
123 43
138 123
97 174
161 6
45 162
106 22
37 163
151 48
119 156
155 87
98 153
147 101
127 62
25 4
127 75
39 51
153 57
22 181
58 145
128 120
112 71
196 200
38 19
53 189
58 36
124 77
23 60
169 120
144 72
20 161
129 78
87 15
184 187
153 49
199 166
3 162
15 193
53 126
34 88
167 61
42 112
103 113
101 53
18 179
195 51
87 190
119 56
146 189
100 185
81 152
36 141
101 190
66 124
176 143
34 142
156 184
100 196
34 187
179 188
107 101
46 41
128 89
195 24
126 32
113 193
185 88
199 72
48 108
128 168
36 98
20 79
51 182
36 194
50 149
180 5
66 192
11 27
35 51
183 190
150 67
111 59
40 35
116 126
181 81
113 110
169 118
101 129
103 56
87 117
198 51
113 25
97 147
29 32
26 72
112 40
190 75
49 69
91 93
43 83
129 84
8 162
186 153
40 126
117 112
38 170
191 29
63 130
159 145
155 104
132 10
120 6
53 97
18 41
65 162
74 63
130 4
88 16
91 43
155 64
141 163
57 101
98 93
94 27
159 134
24 14
146 35
5 145
198 83
189 2
185 145
174 130
162 157
9 11
57 39
5 52
117 60
41 172
170 97
5 137
53 91
100 25
122 5
22 154
114 149
6 61
27 195
123 73
81 103
138 6
184 144
101 136
22 6
148 29
21 168
71 12
175 67
13 100
185 196
139 106
182 142
55 78
97 64
149 97
59 18
25 183
59 143
13 58
138 38
153 97
121 127
121 68
13 164
129 188
16 136
7 71
77 144
186 164
92 137
62 66
93 195
10 79
28 66
177 6
5 81
125 192
182 67
159 173
188 193
72 15
111 131
198 60
200 55
145 65
52 100
64 134
70 61
136 128
156 57
21 87
97 20
20 114
71 19
143 141
77 125
29 77
125 188
68 97
114 13
72 132
171 68
72 59
198 8
88 35
103 125
12 15
122 67
194 76
109 185
181 69
156 170
3 6
117 88
106 41
30 37
109 112
39 96
65 130
97 32
149 145
33 149
67 155
183 125
133 34
63 15
6 159
117 22
5 152
57 127
148 53
28 153
147 87
162 100
198 173
106 62
46 99
79 31
158 155
116 182
28 38
11 92
141 173
148 79
127 120
149 43
20 1
50 8
130 181
140 192
41 69
142 194
16 140
142 98
13 124
161 98
84 127
35 185
83 157
53 92
129 100
162 32
103 134
156 109
118 14
146 94
72 79
81 150
100 180
119 89
106 36
1 42
50 105
11 2
2 94
191 9
80 195
108 117
29 192
49 182
178 36
9 115
176 118
137 109
24 74
69 152
19 73
198 131
54 22
87 157
192 139
187 169
187 168
48 114
167 152
158 44
91 11
1 185
89 54
19 114
26 129
157 26
16 147
185 58
25 32
60 130
183 153
28 76
106 115
183 197
103 97
35 107
135 102
21 68
50 93
102 169
43 190
96 159
176 170
61 198
184 18
141 49
49 92
10 78
78 96
176 136
106 123
68 104
86 21
157 22
108 8
105 135
136 157
73 20
113 37
65 174
117 98
113 197
51 153
143 4
24 121
15 142
153 11
58 64
133 46
99 72
121 97
49 57
179 26
121 195
5 165
108 123
64 116
82 89
39 10
173 189
136 148
117 42
84 43
47 145
46 25
149 108
58 155
19 21
88 116
176 159
81 29
50 127
140 36
200 70
18 130
70 167
187 101
102 18
104 147
108 80
49 96
144 140
177 14
77 33
96 43
64 133
53 154
56 195
165 99
116 108
90 118
102 172
158 198
88 154
2 158
70 56
13 180
192 77
10 163
5 150
6 129
22 122
150 22
64 130
32 74
142 73
23 56
4 95
62 170
111 20
27 25
172 6
80 145
79 198
181 7
158 92
167 23
156 44
28 152
55 183
104 159
35 123
33 90
53 85
44 57
31 33
170 158
129 63
165 33
123 184
46 109
76 48
181 36
18 13
41 190
22 59
181 83
155 119
175 2
68 46
28 96
68 60
76 47
31 11
15 47
107 162
77 64
156 53
121 74
143 36
150 121
192 180
74 134
171 16
12 115
3 16
79 96
182 160
141 114
109 51
127 143
49 37
118 148
181 46
50 128
20 113
45 163
3 18
24 161
162 175
136 102
178 80
131 20
183 116
66 29
177 157
147 114
34 44
116 90
32 53
181 133
67 71
138 112
25 104
128 97
22 183
156 83
154 146
8 197
46 21
73 99
172 8
192 15
5 110
81 117
116 105
173 80
26 167
56 44
4 199
101 113
116 191
168 16
113 155
174 63
14 104
176 91
173 123
73 79
182 90
66 60
69 170
56 128
5 43
3 77
135 171
7 83
108 130
87 115
135 165
97 43
149 24
167 82
93 123
171 145
184 114
166 6
130 191
11 181
90 12
114 175
169 54
140 76
139 177
122 132
136 97
181 147
94 134
55 145
57 108
167 165
3 73
188 78
85 134
45 58
49 149
61 100
8 116
37 16
200 22
199 144
45 107
18 152
148 154
105 89
16 91
151 12
139 110
111 65
194 72
16 156
139 31
52 19
184 68
90 103
124 142
184 71
116 76
179 74
61 2
19 140
177 102
36 109
171 80
112 123
119 65
52 64
21 160
137 198
43 196
114 111
51 147
160 26
104 22
64 102
140 154
70 8
70 35
41 83
33 54
151 119
120 141
69 150
34 190
104 77
175 46
167 142
101 128
129 4
108 86
61 66
106 184
13 64
141 1
78 83
166 27
67 96
92 37
92 6
88 167
35 13
120 193
142 57
116 35
113 180
85 184
137 54
106 161
74 192
108 3
148 74
19 46
107 191
191 120
127 123
134 1
127 35
85 91
124 119
141 126
80 94
11 99
65 58
82 24
81 88
127 141
120 35
35 1
173 133
102 20
10 115
114 64
97 167
132 136
22 172
30 114
58 94
38 23
200 190
173 63
130 27
102 192
185 46
175 150
185 89
120 63
77 196
101 144
92 115
152 181
199 50
73 143
196 175
42 183
151 79
168 101
121 43
27 63
16 22
127 47
177 133
33 106
127 162
1 50
152 101
144 27
131 77
25 117
79 18
141 68
136 66
123 9
46 91
89 59
137 40
162 102
141 73
27 7
33 21
117 123
71 42
57 41
95 82
73 88
70 143
15 157
42 160
52 126
187 39
88 39
86 60
75 174
172 56
4 82
99 64
96 84
61 192
72 128
159 126
179 135
34 178
148 181
29 182
33 35
59 39
79 157
18 20
57 90
65 179
127 96
11 119
74 6
12 107
143 53
126 99
71 90
71 44
160 45
171 28
93 167
156 8
183 128
83 109
73 81
162 146
140 121
32 106
144 78
114 109
146 195
48 106
28 13
132 62
30 176
80 111
88 46
12 53
101 87
199 81
149 40
115 198
3 107
154 49
154 29
146 20
94 48
153 62
114 51
61 177
29 198
59 77
164 109
160 47
187 126
28 65
161 195
55 137
143 44
150 86
101 40
138 150
170 67
87 47
178 190
126 196
59 123
97 161
134 162
73 83
173 82
88 162
51 25
68 188
86 34
126 54
9 69
25 49
75 43
185 73
12 40
134 23
194 145
103 177
184 36
5 133
63 176
140 190
158 60
199 20
171 198
82 153
82 198
164 177
9 1
70 18
115 140
163 73
12 62
139 85
116 147
189 43
32 49
15 42
122 166
37 150
31 148
33 99
26 176
26 37
44 165
199 174
47 84
155 13
152 157
36 125
48 157
184 89
198 191
171 144
9 168
139 134
91 135
133 53
126 100
155 43
26 172
106 192
163 77
31 168
57 163
138 43
75 200
62 100
60 123
54 181
98 27
33 109
88 1
12 174
130 195
160 146
101 30
29 49
17 36
165 181
178 93
47 19
34 193
121 16
89 155
75 22
143 19
7 108
177 69
56 143
42 149
68 176
83 173
46 171
10 86
170 110
182 34
76 181
139 133
171 24
39 189
97 143
15 86
154 44
161 30
97 78
34 9
115 147
195 73
106 162
111 191
155 177
99 182
72 103
153 40
66 166
176 46
44 185
37 52
87 191
199 22
105 98
32 56
198 133
66 106
149 93
26 28
51 125
192 152
173 26
140 11
158 82
174 18
113 195
63 123
180 172
13 45
93 146
189 182
129 170
30 183
90 75
94 161
90 24
41 170
66 144
110 136
131 167
99 52
180 114
61 97
17 166
75 10
29 43
160 93
39 107
142 120
83 104
155 195
108 12
80 139
181 187
58 170
186 175
196 99
24 144
7 163
157 115
135 129
177 115
1 190
43 141
142 72
89 92
36 82
20 63
9 80
170 3
54 99
68 139
119 8
53 113
192 19
80 34
30 170
81 49
143 71
69 96
160 183
73 27
188 145
53 120
47 58
83 152
95 73
17 148
106 185
187 49
84 157
41 59
40 156
94 195
125 137
75 134
27 22
194 70
15 90
33 200
117 193
47 147
109 116
23 191
125 172
172 90
180 173
186 102
81 72
178 200
26 16
5 59
32 145
173 104
160 113
140 171
164 148
19 126
192 80
15 43
27 91
150 111
198 195
144 159
78 167
27 119
99 120
157 124
107 118
114 179
89 94
60 119
188 114
8 130
33 39
111 109
92 97
1 69
171 96
94 129
159 8
17 24
21 60
168 124
198 85
191 71
172 121
44 182
13 189
84 39
54 3
81 100
72 31
109 47
193 56
131 156
124 136
167 197
139 176
16 9
128 105
48 104
156 114
106 133
134 70
172 20
163 177
7 126
88 146
183 179
104 137
69 133
29 190
5 37
31 70
148 175
53 185
14 193
21 55
161 31
76 27
1 84
161 165
157 9
151 118
7 2
102 36
11 172
195 137
148 124
36 27
68 17
125 61
24 143
62 179
11 77
172 17
26 122
151 89
137 140
136 125
136 37
127 119
161 163
135 176
168 184
5 13
176 84
156 92
75 115
157 42
32 83
90 135
172 143
91 48
59 166
71 103
27 127
166 77
89 173
15 134
114 14
123 64
77 90
19 196
77 40
15 22
147 81
26 60
184 171
29 133
120 175
180 188
22 131
48 113
126 198
1 136
77 39
195 38
10 133
82 142
34 60
43 182
107 60
188 173
87 89
145 109
53 106
109 115
191 171
72 38
32 147
15 177
162 101
8 103
138 181
106 159
104 128
127 112
2 74
129 61
6 164
95 86
177 23
174 122
192 156
1 183
49 36
180 45
178 41
124 147
44 174
25 111
136 171
154 64
126 165
9 142
99 78
166 190
45 99
162 63
148 64
33 156
104 141
91 174
144 87
18 27
158 53
1 137
12 21
67 84
100 107
182 163
127 154
48 46
152 138
76 160
190 143
39 76
47 69
74 97
193 141
145 111
103 7
189 76
65 19
77 112
174 156
152 169
149 51
115 132
21 39
95 61
16 177
121 135
111 151
114 33
66 49
79 197
134 148
116 157
126 130
128 43
199 110
73 114
146 14
143 196
90 193
162 159
45 135
100 74
8 194
85 161
76 63
7 105
141 166
142 27
18 114
21 6
187 123
61 184
119 15
136 57
153 120
180 28
162 17
1 70
139 23
185 139
190 82
108 6
198 118
125 96
3 31
30 169
15 41
79 39
65 77
122 79
129 172
135 52
107 134
59 177
167 57
131 104
132 24
88 138
111 189
44 16
189 16
5 56
181 178
58 7
172 168
66 131
148 4
152 196
170 48
151 181
93 60
95 161
178 191
56 60
155 60
60 100
182 141
26 79
42 113
104 9
12 78
67 158
7 195
77 23
55 23
69 191
34 16
47 95
8 56
77 5
24 119
174 163
17 145
26 133
188 56
95 182
187 144
199 112
106 69
145 141
131 33
37 176
142 93
172 182
58 114
179 125
180 83
100 50
50 135
156 97
192 67
156 88
38 36
187 76
19 41
7 131
143 154
100 147
98 176
193 152
155 37
56 53
7 10
37 29
128 200
57 115
176 79
69 105
5 123
11 44
75 197
57 169
140 131
82 25
23 74
187 114
69 188
91 157
183 39
19 83
111 85
142 42
16 86
80 128
93 39
124 100
13 56
39 45
165 78
115 86
6 167
78 114
105 121
152 114
190 144
134 180
62 9
76 125
185 156
92 170
173 142
127 26
86 62
93 61
134 173
13 36
102 164
112 47
7 160
129 184
79 168
61 116
107 190
39 150
84 2
161 17
25 142
91 95
77 10
166 172
185 123
138 82
6 12
137 82
35 192
46 73
79 187
109 81
128 38
11 115
132 194
180 1
62 124
27 157
61 44
147 154
31 55
174 189
156 115
18 43
25 176
72 127
197 163
191 97
111 26
142 31
79 120
113 118
122 178
128 185
6 65
123 131
180 110
139 127
94 136
197 84
182 32
53 111
29 141
94 157
14 49
138 7
28 95
87 148
24 184
101 67
127 25
17 77
52 145
173 181
29 33
107 62
21 61
198 67
197 55
70 100
13 48
28 174
116 81
187 10
153 150
135 1
148 19
160 185
52 178
166 44
114 125
17 29
113 30
43 137
102 89
39 158
127 76
71 8
96 108
30 137
190 57
90 127
22 139
32 175
141 100
18 197
44 163
94 43
6 64
153 163
57 154
179 21
139 44
184 124
146 165
44 114
29 74
86 46
77 85
25 94
129 111
186 70
196 33
39 90
32 21
131 65
47 149
2 28
7 54
168 45
45 25
166 73
34 78
198 17
151 98
2 41
48 50
148 129
48 107
40 13
199 15
84 183
195 61
56 74
78 185
110 89
125 151
48 115
30 106
76 74
124 80
96 46
117 137
80 33
79 125
84 107
37 22
189 92
26 142
77 170
52 118
133 101
43 64
105 47
188 169
67 181
144 9
126 136
14 149
30 125
70 66
83 64
89 5
74 140
68 153
153 190
104 121
55 173
53 131
52 151
38 146
55 97
48 165
22 171
19 90
155 124
58 66
72 78
42 70
120 10
45 91
133 95
160 199
170 22
200 164
157 80
76 129
43 178
55 77
176 193
140 27
195 20
160 74
175 37
111 32
105 37
130 157
200 163
29 19
42 114
4 138
25 3
109 42
179 64
42 150
35 98
103 51
53 88
43 50
32 5
115 35
23 5
176 94
190 188
28 115
33 2
151 15
138 174
89 26
85 32
135 69
184 148
129 55
144 50
48 184
155 172
18 69
162 90
193 96
28 184
126 22
7 89
188 184
198 102
146 109
34 159
112 34
67 195
79 112
81 58
121 132
116 187
143 152
177 64
111 196
157 86
102 43
86 65
196 107
152 66
170 83
173 48
174 82
192 134
15 143
57 120
16 35
180 115
88 58
111 182
119 132
89 52
103 128
4 9
182 7
143 79
180 195
121 199
125 184
115 69
103 16
197 172
176 81
44 33
32 84
26 86
79 161
82 35
80 62
98 195
125 69
78 191
143 6
8 114
11 32
69 175
171 50
81 191
133 154
27 116
141 71
113 120
12 182
148 14
184 46
20 138
199 8
136 9
12 52
99 119
128 192
124 56
87 7
107 139
53 198
180 109
67 72
30 100
149 111
99 35
106 77
105 39
81 69
115 40
65 155
148 193
50 56
130 161
21 120
44 126
1 120
186 172
133 159
20 31
178 50
84 180
143 134
92 194
51 43
85 169
18 110
158 126
12 122
21 198
25 74
105 189
52 45
196 125
191 13
17 168
14 100
12 74
91 189
152 12
184 181
180 185
77 24
183 163
42 72
163 27
66 168
19 75
109 179
53 136
126 27
190 46
17 51
65 9
155 182
55 190
63 13
43 153
116 162
96 146
131 23
68 127
149 99
183 101
139 70
157 39
71 96
178 61
4 180
192 13
94 116
83 56
199 40
149 198
135 194
168 125
172 13
127 29
197 181
197 99
28 178
110 74
166 88
31 126
92 99
55 151
76 122
65 70
84 145
137 108
29 162
183 193
163 82
192 39
30 109
151 195
178 63
124 92
27 114
50 184
30 122
99 15
51 33
56 80
151 116
91 142
135 184
28 51
96 142
105 173
178 154
14 123
38 120
30 73
111 57
99 74
28 188
123 193
98 19
12 170
111 24
24 198
182 15
2 112
61 152
48 67
32 115
149 98
24 188
108 195
75 71
145 115
182 35
36 85
73 193
154 183
127 59
69 142
93 59
120 101
119 104
16 51
97 129
179 97
115 60
130 61
125 94
176 104
93 135
196 129
127 40
10 112
142 128
79 100
73 89
37 197
41 103
30 103
158 4
110 138
133 70
26 108
27 45
38 161
104 15
69 149
9 155
177 160
182 2
190 100
153 16
92 38
51 98
51 188
151 174
162 108
185 102
130 3
70 97
79 180
84 91
140 191
1 114
158 190
50 158
130 43
111 70
104 55
141 124
26 69
159 65
104 182
38 160
46 143
189 8
18 64
175 19
78 29
74 124
174 200
65 188
17 103
169 78
41 115
193 74
138 96
98 86
27 174
105 186
69 76
182 194
165 200
44 194
51 171
163 80
33 8
179 151
179 116
107 88
20 171
67 142
29 176
158 147
80 89
97 194
169 109
150 120
64 200
88 66
20 56
22 95
74 144
176 28
8 21
32 165
158 73
113 55
161 81
125 34
21 131
190 99
71 173
150 34
94 169
34 63
16 70
131 5
102 113
175 117
107 13
55 75
66 17
200 58
24 196
149 160
13 39
54 131
70 11
17 122
53 65
189 77
124 173
115 43
87 2
173 106
87 125
101 9
116 161
166 198
72 151
63 150
56 43
125 198
89 55
3 106
153 142
4 81
86 5
2 77
191 176
26 181
19 33
95 43
120 56
41 22
28 146
77 121
141 56
63 92
169 128
165 115
98 52
119 198
37 196
160 23
110 36
66 176
152 96
14 53
189 42
58 194
112 182
38 93
193 36
12 98
8 31
23 151
139 156
136 33
6 187
62 67
100 195
40 60
95 152
145 125
94 65
68 136
93 140
177 72
185 151
25 164
100 73
134 179
84 155
10 1
141 162
142 177
81 24
195 6
195 193
138 1
175 20
119 164
78 105
129 52
128 42
13 8
98 152
144 76
164 118
29 147
45 81
177 151
61 75
18 131
51 81
143 197
66 180
172 54
49 10
175 50
56 112
200 113
2 185
79 108
200 16
95 38
26 50
146 119
45 55
150 189
106 157
142 53
135 38
96 192
96 73
143 170
49 112
34 7
172 64
11 197
149 21
143 18
30 39
186 116
33 124
195 191
62 29
152 171
116 22
116 6
146 29
142 21
138 48
5 26
102 191
80 193
19 9
106 119
197 63
172 181
44 196
165 96
135 80
187 165
2 145
103 152
147 30
67 95
88 168
107 159
188 10
174 112
44 50
52 148
118 92
68 189
194 4
132 104
73 108
1 63
70 86
54 192
1 55
37 1
88 163
174 105
191 197
87 199
38 4
76 118
21 48
158 57
58 63
137 99
198 45
157 89
198 160
91 17
141 37
197 151
199 115
183 41
159 154
24 41
147 42
117 27
28 94
51 75
49 84
7 169
54 32
83 199
148 100
52 34
3 23
170 78
9 54
17 6
47 38
42 75
92 4
187 11
34 157
167 116
56 182
34 56
135 76
12 167
184 177
17 117
67 76
128 198
70 115
136 175
40 66
199 3
137 88
132 129
158 7
9 121
195 154
90 69
136 8
148 23
135 145
165 56
69 153
7 171
74 4
66 172
36 45
176 36
176 61
161 141
184 38
46 144
150 1
21 92
121 169
80 156
63 117
84 8
18 147
156 189
131 42
40 155
116 97
61 135
49 78
16 80
140 46
74 19
84 23
22 111
131 24
122 33
121 5
155 145
78 112
160 133
28 105
95 11
53 180
129 107
55 170
131 107
144 196
54 21
22 155
134 156
173 84
63 191
16 39
1 18
142 85
189 112
165 39
175 112
41 189
116 7
84 128
83 101
147 65
106 60
46 78
123 180
165 58
153 7
28 156
138 115
144 91
121 134
189 126
117 51
153 50
138 163
79 40
196 45
122 85
24 44
64 166
54 156
154 8
179 1
174 171
166 171
155 153
177 105
87 59
186 123
160 50
100 59
66 86
23 65
80 55
88 64
67 98
147 59
75 170
56 94
51 194
13 160
107 122
5 173
165 60
152 79
68 55
8 90
106 64
84 174
192 16
107 90
108 9
147 160
95 7
188 57
90 158
105 95
154 99
20 152
134 6
97 137
9 141
157 119
151 133
131 1
167 141
180 186
145 124
59 106
62 23
96 99
122 153
135 170
87 185
110 108
130 29
52 143
59 197
86 74
123 22
183 12
150 77
189 1
179 162
71 154
142 184
159 118
108 189
190 80
2 12
163 108
196 184
64 41
112 124
190 93
102 128
120 138
89 199
87 135
76 163
53 99
77 175
117 52
155 147
8 129
137 94
161 45
46 56
190 145
174 193
74 181
108 100
88 127
64 158
143 23
169 191
197 21
74 120
180 191
126 64
80 14
26 180
52 142
189 187
62 189
146 156
63 55
136 51
92 60
149 180
17 184
13 20
72 83
111 56
45 192
101 176
188 32
11 7
141 119
131 63
180 127
51 185
165 193
63 189
39 174
102 27
40 74
187 48
119 177
22 69
178 147
80 109
103 185
109 101
57 102
60 193
8 93
34 104
25 130
158 151
125 42
79 174
199 26
199 33
84 55
170 9
28 50
125 173
144 132
111 78
112 160
151 132
198 170
184 29
199 146
113 99
181 104
116 128
1 89
3 115
155 77
142 162
104 84
93 198
6 44
5 175
108 87
115 128
116 120
114 116
192 148
38 83
197 89
75 145
185 43
178 132
77 183
11 179
176 127
200 54
10 40
80 45
189 84
192 38
168 173
139 43
35 158
167 173
158 196
101 174
130 111
171 163
140 44
84 158
61 41
185 110
168 100
119 140
43 60
77 4
68 102
154 108
99 25
54 111
20 153
107 65
139 163
68 108
30 92
114 47
77 68
184 37
192 158
129 124
25 96
192 162
69 160
109 62
87 131
176 184
52 17
156 110
120 155
21 73
133 110
116 184
116 111
65 126
42 77
108 65
147 152
33 184
28 14
89 65
62 60
56 61
154 110
154 157
62 96
156 95
66 148
19 25
65 52
125 41
1 98
55 106
146 54
73 15
63 149
150 118
47 67
77 81
27 200
138 33
67 58
41 133
47 111
119 183
142 75
37 123
128 145
32 192
32 60
26 18
117 61
67 152
102 58
154 90
38 14
100 84
31 159
159 200
59 14
32 68
158 125
173 92
200 66
170 137
157 120
117 143
191 188
125 163
166 116
172 32
112 76
106 9
27 108
33 17
49 2
176 32
195 62
19 161
108 66
94 5
20 178
23 11
188 165
46 128
176 142
136 129
185 50
152 80
48 101
60 51
167 154
61 154
184 127
115 66
16 114
32 72
193 190
175 161
41 116
5 58
1 171
116 71
48 136
88 10
37 170
58 78
188 156
84 31
136 58
162 131
9 165
28 30
68 168
184 157
92 90
39 169
122 24
153 198
98 89
11 13
187 118
104 106
108 10
43 183
99 44
113 43
75 183
198 176
91 64
198 65
147 103
94 138
178 10
188 182
149 123
123 182
83 67
157 70
152 32
129 138
194 50
171 17
185 55
109 125
149 157
177 168
53 178
38 148
112 185
199 105
114 200
132 110
128 86
108 101
36 79
73 59
40 17
178 66
52 59
144 52
6 19
170 144
100 172
45 76
22 196
199 190
70 156
35 10
145 100
100 72
159 179
185 138
107 174
29 153
158 113
98 30
22 34
189 169
25 182
124 192
85 6
114 143
18 96
97 186
172 106
102 88
41 157
8 100
148 35
27 57
26 22
139 200
165 47
79 15
16 102
35 189
72 113
113 123
24 178
87 110
62 41
183 20
31 63
42 59
135 27
112 120
165 101
91 30
102 11
37 199
62 36
15 198
31 42
39 109
35 48
127 179
67 45
62 27
49 142
116 79
37 6
22 189
38 141
137 191
26 36
165 159
76 131
103 29
62 54
37 64
63 110
116 56
76 25
26 8
103 80
4 183
56 149
123 89
56 90
146 50
74 93
161 15
64 92
103 96
50 124
28 192
140 59
47 162
91 103
8 1
121 144
90 30
39 94
78 189
61 46
76 56
197 14
141 121
104 65
17 154
167 164
72 125
107 14
129 82
21 123
7 19
179 191
133 27
114 177
121 117
9 162
114 122
130 118
79 30
72 167
2 178
147 67
157 179
162 67
193 92
159 32
29 84
137 161
12 175
107 150
109 21
122 113
101 35
189 167
177 37
38 40
86 191
166 123
18 30
152 85
126 111
44 169
94 200
196 76
3 50
23 71
37 188
193 89
30 61
120 94
68 146
33 177
154 91
169 1
178 108
132 71
180 14
118 10
26 2
98 80
89 12
107 152
141 63
182 19
36 124
178 72
132 127
188 112
160 172
181 90
153 137
118 165
184 162
71 183
54 199
110 176
25 114
107 175
61 196
5 51
140 134
198 14
166 148
169 135
190 173
9 52
67 120
193 105
93 153
137 159
191 36
96 22
67 164
185 69
57 1
164 132
92 182
77 86
37 71
127 109
52 113
178 69
172 28
107 79
33 183
179 113
111 46
92 34
199 17
63 125
74 152
146 76
116 142
6 103
20 74
65 99
72 53
114 63
157 144
197 107
70 104
137 11
190 94
39 49
147 173
49 83
1 117
9 61
77 96
156 179
142 119
103 150
69 98
47 125
50 61
134 82
158 107
43 59
41 99
195 160
98 2
129 147
100 138
166 72
164 39
191 3
182 192
81 153
155 10
132 154
162 98
195 91
147 111
168 194
100 22
20 116
14 41
64 182
94 90
133 172
90 141
172 19
79 170
28 59
42 53
174 148
187 51
170 116
172 74
135 43
123 15
96 119
10 5
103 165
152 39
7 107
180 35
138 55
132 98
97 134
58 62
193 101
143 98
11 8
196 85
66 47
168 188
191 150
4 132
183 132
135 22
60 83
139 162
163 104
13 23
135 62
32 155
172 69
177 41
192 5
54 163
44 82
142 118
122 165
179 41
77 20
171 56
131 70
106 143
13 151
178 7
109 142
170 11
122 103
170 165
142 115
7 194
156 130
69 37
105 88
161 103
92 149
102 34
23 108
173 103
180 93
130 45
48 23
177 57
67 26
122 106
104 91
36 199
11 53
171 100
14 155
8 185
52 120
11 145
163 131
57 9
149 70
87 95
45 41
169 59
104 79
165 111
22 45
17 179
10 199
137 101
193 149
106 81
15 59
91 83
167 76
15 180
16 96
149 1
127 2
98 28
121 34
123 126
2 44
34 185
86 49
99 24
39 143
52 102
77 109
1 31
55 158
143 89
20 147
188 116
126 17
197 101
36 157
16 58
4 186
124 120
139 196
164 92
37 43
81 104
92 200
189 155
75 153
159 177
86 56
72 44
169 125
14 51
117 65
122 192
168 159
182 171
173 41
175 4
164 139
45 176
130 144
81 32
26 121
151 96
46 17
147 156
30 197
38 9
39 162
20 67
32 8
184 200
177 175
110 171
125 108
108 91
103 48
37 169
108 148
49 196
66 19
169 155
112 66
137 8
156 64
165 138
109 167
95 5
90 2
86 22
93 16
83 200
112 18
72 141
24 168
9 117
93 192
126 59
190 24
200 197
40 49
45 59
200 173
65 189
153 138
125 141
196 96
63 49
155 198
67 88
200 171
132 37
50 25
89 39
200 4
152 78
15 184
98 101
179 31
5 184
191 181
88 123
172 179
120 148
134 177
63 17
75 140
112 100
144 16
34 47
147 121
100 1
183 67
151 3
96 157
11 120
142 197
20 100
52 95
5 197
116 140
75 31
125 86
44 109
56 28
55 160
66 110
166 197
126 50
84 170
25 105
171 48
61 26
127 43
106 103
39 6
87 6
32 135
55 134
190 139
198 148
189 128
120 140
144 152
139 112
8 98
95 119
67 130
20 8
151 136
35 57
138 18
191 96
100 51
140 4
132 135
77 43
16 99
17 25
112 116
190 163
47 157
55 46
91 188
128 20
76 97
141 130
110 38
86 111
40 188
58 144
109 174
139 46
121 128
70 75
21 133
115 110
196 101
169 46
184 145
22 46
179 43
148 196
87 159
67 55
91 193
93 54
183 18
69 162
132 75
151 59
67 1
38 183
21 185
117 114
92 166
21 77
4 31
93 33
44 187
151 160
146 123
127 20
50 181
113 66
134 160
39 9
173 81
27 2
180 91
3 128
122 139
12 31
169 51
57 166
66 154
109 63
135 41
114 196
72 54
60 186
28 68
7 198
192 52
107 50
69 80
150 100
103 193
129 200
10 63
158 71
101 15
186 133
67 102
115 179
160 130
56 176
134 98
81 170
37 125
9 35
39 43
58 37
119 163
49 23
165 128
174 32
123 178
162 169
24 21
158 108
63 95
99 86
132 167
43 72
42 18
82 164
174 172
48 59
156 187
98 59
21 180
125 78
154 192
167 80
150 72
180 63
190 180
174 100
155 19
28 7
192 157
3 147
191 59
165 75
175 18
188 2
97 164
82 187
3 134
56 54
26 189
86 71
109 29
172 47
158 10
45 50
130 26
157 164
113 24
87 34
7 59
99 157
81 177
104 145
38 196
69 159
74 170
135 30
164 26
41 163
175 109
177 80
28 10
22 176
28 89
26 178
159 81
76 94
9 120
63 42
92 9
13 62
137 93
23 20
106 135
12 92
32 41
97 82
41 72
51 159
108 169
142 22
93 48
33 150
186 17
105 76
182 145
144 65
96 139
162 126
91 136
20 200
46 193
170 160
82 46
32 38
61 7
92 139
148 81
84 175
27 69
82 12
51 67
102 130
134 125
41 12
116 13
3 133
1 72
155 199
104 89
144 158
21 146
88 72
140 95
28 117
55 111
149 86
126 109
150 35
194 80
47 151
72 117
183 127
109 200
77 138
8 57
48 118
138 84
163 67
71 105
50 80
12 58
131 116
184 149
36 63
144 61
129 59
4 20
35 8
33 40
154 115
21 69
35 22
7 31
177 141
102 171
33 85
102 21
124 11
121 19
30 34
55 154
7 147
54 44
102 50
51 186
194 20
125 112
46 119
114 92
115 17
35 97
176 192
13 166
21 162
174 137
54 13
90 81
91 167
111 45
74 175
24 177
70 48
180 72
115 33
146 62
47 138
197 139
5 161
146 18
126 79
160 168
134 48
161 114
76 114
3 160
5 71
125 53
152 137
48 62
95 124
184 54
153 99
32 184
37 117
91 173
91 89
132 124
136 32
169 34
116 99
158 152
135 138
163 12
20 154
18 178
168 23
115 83
147 50
46 80
108 156
158 104
165 130
16 164
124 96
190 19
61 159
97 34
100 41
175 17
32 116
27 68
60 30
84 105
6 158
28 20
189 164
180 145
180 90
65 92
169 172
120 168
130 37
157 2
56 136
64 131
139 184
55 85
152 115
20 188
106 111
131 173
142 70
32 124
185 108
103 40
164 29
150 200
179 161
155 110
148 169
54 86
58 32
105 21
71 115
168 105
99 32
39 25
37 90
130 124
54 127
45 121
58 174
101 85
2 50
32 177
79 5
60 183
175 22
133 166
128 9
149 87
126 29
148 39
178 13
192 190
99 108
24 87
61 169
199 114
22 28
198 97
198 30
127 85
173 37
173 184
74 183
149 159
128 187
6 154
93 42
139 146
123 44
61 11
54 97
47 155
47 30
61 120
125 178
8 28
151 184
53 108
196 109
65 171
15 166
177 174
31 198
76 106
105 41
99 13
154 170
43 19
94 124
16 106
5 25
76 174
1 102
200 82
160 32
182 16
60 82
191 95
83 107
71 80
95 168
25 152
14 102
190 62
87 118
170 21
181 57
136 87
181 120
150 40
103 143
49 135
63 3
158 58
78 147
148 61
83 24
147 197
17 56
11 161
66 96
91 111
110 7
131 143
189 181
65 115
43 28
165 94
51 13
39 129
93 25
191 100
189 122
49 184
137 70
133 179
47 9
39 75
64 95
191 184
181 98
124 54
38 60
109 119
116 44
199 137
41 104
83 97
150 129
59 6
161 69
28 49
38 80
104 98
90 36
129 73
114 56
191 30
4 93
154 126
124 200
97 37
76 61
167 96
180 182
68 191
38 177
200 135
163 132
63 73
184 45
59 56
35 111
87 70
162 145
172 65
33 71
20 85
90 130
43 79
27 41
37 112
189 81
123 16
63 8
185 161
89 86
116 36
2 42
182 41
26 17
17 177
181 48
92 159
186 107
12 119
188 195
34 168
13 76
79 4
80 32
115 178
114 101
145 85
157 132
14 182
39 32
42 22
175 105
28 119
183 147
67 176
66 103
31 200
195 10
44 152
81 35
126 76
200 189
84 140
149 23
158 19
165 169
64 93
126 55
90 200
66 74
141 183
165 198
30 35
18 168
92 155
156 104
190 21
64 31
41 48
13 158
3 74
180 125
199 21
147 92
149 54
18 160
184 69
134 168
96 23
189 113
74 10
21 181
79 118
67 33
71 104
17 83
120 91
126 133
185 42
195 175
55 119
157 175
125 17
42 175
20 110
191 104
130 133
47 122
48 119
60 36
185 172
136 30
159 131
164 130
87 46
86 120
11 162
178 59
36 108
124 169
102 181
175 154
146 33
82 3
118 84
138 161
180 143
198 169
39 156
52 110
195 66
74 157
117 111
32 121
35 187
121 10
129 95
107 160
143 200
42 126
101 138
102 124
93 114
124 99
136 172
190 103
84 162
43 46
87 68
24 146
109 152
21 45
200 97
89 58
193 177
178 99
163 65
11 54
153 59
36 84
159 147
173 24
9 187
36 190
62 185
147 198
126 197
105 48
180 144
194 148
24 130
156 117
42 199
41 29
122 146
2 13
2 9
181 103
132 6
142 102
193 197
117 75
91 143
133 144
75 72
5 34
6 146
145 192
108 111
82 38
169 4
163 180
173 114
80 131
200 63
193 68
48 174
60 11
101 84
104 200
14 190
127 22
162 151
125 84
1 197
80 54
68 114
56 87
175 159
7 48
4 115
44 177
131 59
15 176
196 90
141 164
175 87
167 115
182 63
17 118
176 62
28 189
186 176
113 1
1 49
41 136
168 67
173 128
6 128
6 140
88 198
81 194
132 114
109 154
15 131
110 100
22 60
122 126
190 198
189 60
145 173
80 196
143 63
1 4
100 159
74 9
109 24
137 189
41 114
120 180
60 53
165 88
192 56
57 193
165 81
111 16
140 81
99 194
157 169
178 166
139 102
80 184
139 75
164 149
168 97
58 25
10 21
155 33
143 124
125 45
88 128
19 142
25 54
168 183
45 164
112 193
35 32
24 13
156 175
171 59
155 39
124 43
117 21
170 100
90 65
145 76
155 91
114 145
99 131
113 174
46 160
193 35
4 69
48 155
116 42
41 185
184 180
193 180
142 47
187 107
163 156
125 54
170 71
84 15
21 1
167 43
105 112
172 110
98 42
169 153
132 12
188 131
43 81
135 35
116 104
107 114
23 63
98 115
59 152
134 102
33 100
76 86
176 86
93 72
12 118
139 115
86 162
127 99
107 86
88 76
195 88
96 44
116 46
156 21
24 126
67 107
123 75
79 194
168 29
92 20
26 145
61 67
29 59
42 73
29 21
154 158
124 37
145 78
61 170
82 78
51 170
42 44
156 143
126 5
44 68
104 166
71 144
111 146
82 128
177 130
151 85
135 127
139 125
179 80
8 69
199 173
175 167
173 25
137 123
3 45
139 19
66 177
195 115
31 37
144 57
124 46
112 57
135 108
193 42
8 95
99 135
43 99
100 169
161 159
197 27
31 109
81 15
144 174
48 2
117 145
12 56
173 117
159 22
149 168
52 149
139 88
62 134
172 73
102 9
153 54
135 158
21 183
11 59
33 140
132 8
17 74
133 23
154 76
37 129
53 69
182 118
58 177
116 139
180 25
131 120
10 171
13 157
37 181
33 88
35 122
182 58
10 68
186 52
54 179
33 198
96 3
14 99
74 162
42 60
159 48
85 92
112 28
160 17
64 75
77 6
118 166
155 5
139 93
20 99
54 23
18 31
18 24
86 27
142 140
141 106
187 199
120 72
145 14
55 124
50 16
78 42
109 103
34 85
26 34
78 20
16 29
188 171
127 188
176 90
174 182
25 9
95 163
181 123
172 137
43 63
53 6
156 31
179 87
171 12
65 81
160 103
125 43
65 134
167 190
14 147
189 90
55 48
94 60
6 38
113 75
45 30
102 143
30 74
49 98
37 98
115 5
19 138
134 165
74 91
154 138
23 76
44 40
132 156
38 90
33 15
147 108
79 94
135 113
189 153
199 63
71 123
4 72
115 112
182 85
139 104
82 56
52 97
146 37
188 132
22 113
143 49
41 75
58 55
77 14
10 143
19 125
69 195
102 40
51 172
91 131
79 119
9 154
176 34
130 59
171 155
51 91
108 177
83 96
44 41
165 45
142 4
15 117
198 3
174 187
153 38
158 105
154 125
182 175
107 18
82 161
119 136
86 81
103 46
5 41
169 127
84 50
147 105
53 33
5 62
196 81
59 154
34 165
167 62
49 76
162 164
192 142
180 137
147 151
72 148
71 153
41 107
6 160
74 38
47 103
48 53
109 65
192 47
29 80
181 78
164 103
93 154
39 159
114 35
187 132
26 35
100 134
33 111
145 40
113 18
185 16
164 71
62 16
1 152
101 73
139 69
189 134
35 27
166 184
182 146
110 189
108 60
77 67
77 35
1 112
117 147
170 26
199 48
176 17
178 81
39 35
72 112
113 136
189 168
88 74
15 146
159 53
145 183
135 77
159 196
16 2
75 65
175 197
51 86
114 43
74 141
177 28
65 185
43 159
97 50
49 194
113 128
34 29
112 27
110 191
48 169
139 98
169 96
67 86
68 54
127 31
94 158
26 15
179 15
121 85
32 197
85 87
151 155
191 172
146 60
142 198
30 110
126 145
7 43
8 155
146 196
95 189
1 195
52 76
163 179
171 190
73 14
76 46
65 31
38 150
15 178
154 12
134 93
165 150
175 135
97 185
126 69
112 32
182 169
90 13
107 71
176 189
18 9
70 78
157 50
153 63
193 124
185 15
125 102
63 6
73 2
175 47
148 123
88 133
59 182
22 71
170 150
41 31
40 62
71 28
103 105
46 64
26 96
177 29
139 154
123 102
189 59
149 39
53 81
108 29
60 97
45 188
114 195
172 89
193 25
37 55
138 73
58 176
38 1
90 174
186 27
103 126
146 200
72 29
82 172
75 44
25 132
162 110
173 40
65 78
26 175
42 54
125 161
135 141
20 156
52 68
62 72
139 186
158 150
190 90
66 68
92 52
147 125
57 12
180 39
97 177
92 179
128 178
42 25
83 105
140 122
22 78
63 127
84 24
149 158
120 82
94 3
140 126
171 86
35 121
120 200
82 139
146 137
199 163
118 91
200 103
117 135
44 188
161 61
73 68
127 79
51 138
36 120
163 126
175 149
185 6
41 95
43 105
61 5
79 58
44 103
5 101
110 166
198 58
2 167
200 161
14 31
151 121
30 2
50 173
42 96
119 72
105 164
196 141
179 194
154 95
45 23
27 82
20 86
190 2
152 8
175 85
75 17
78 74
1 146
10 17
68 12
179 138
105 109
12 179
164 175
29 106
24 79
138 159
30 82
120 77
24 31
6 148
114 164
52 127
120 164
129 14
200 11
44 172
18 159
64 14
13 81
97 15
131 68
198 44
48 126
87 76
114 99
145 62
29 161
91 68
110 69
36 156
109 198
141 70
131 174
105 163
104 102
70 129
101 93
141 176
67 60
173 57
97 109
85 89
123 29
104 37
119 16
49 24
87 45
23 156
55 122
39 118
103 39
57 131
44 148
123 171
74 60
144 53
94 150
172 175
185 136
141 170
127 170
101 194
58 61
49 115
4 11
25 139
170 57
103 98
179 55
118 145
44 171
146 99
4 50
3 15
109 91
118 72
144 42
135 192
110 19
192 196
110 140
138 170
136 174
104 1
46 36
11 58
191 127
101 70
191 199
34 106
2 95
156 169
48 100
49 183
186 162
10 15
46 188
113 186
58 83
128 98
16 90
144 149
192 184
174 41
162 24
143 38
61 1
87 19
80 52
112 196
94 167
116 107
43 160
168 75
200 69
39 72
13 131
187 185
159 4
14 116
130 40
163 11
118 144
179 2
44 168
75 26
185 154
180 189
192 170
199 6
107 126
168 179
151 43
110 165
77 97
106 68
20 57
16 78
191 141
162 61
84 17
20 130
137 75
186 108
131 45
27 60
100 181
41 134
119 78
35 176
11 160
77 182
174 57
198 34
18 76
164 108
12 140
178 45
43 70
46 52
90 171
132 170
83 5
45 187
141 116
84 19
77 107
91 44
188 177
87 174
42 176
78 130
163 98
142 191
186 191
87 186
178 176
169 60
11 136
33 180
92 174
141 110
77 113
90 146
118 43
189 151
102 166
164 15
145 122
77 193
82 147
63 96
138 102
91 182
64 185
126 200
81 10
21 136
123 55
161 54
71 45
159 37
72 191
40 123
11 152
158 1
51 97
16 179
130 169
147 174
136 60
5 157
71 166
88 40
89 171
175 66
46 110
100 45
177 107
67 143
121 161
133 197
15 37
18 54
60 161
18 182
108 58
116 28
155 96
131 85
192 92
22 109
56 72
153 195
50 63
140 32
178 145
46 156
16 165
138 140
167 4
127 7
36 12
75 37
169 142
80 148
99 169
121 107
167 73
147 56
50 176
118 61
7 72
194 118
24 116
60 84
179 158
193 144
146 59
17 185
100 122
62 11
180 54
138 13
130 128
109 1
10 138
188 95
177 11
51 148
145 123
104 53
91 76
59 186
178 129
158 52
71 171
103 170
26 174
57 110
56 168
175 45
89 127
42 107
187 84
194 67
191 46
129 35
190 65
56 178
178 105
69 123
146 91
158 76
187 97
32 143
