200
1 2
2 3
3 4
4 5
5 6
6 7
7 8
8 9
9 10
10 11
11 12
12 13
13 14
14 15
15 16
16 17
17 18
18 19
19 20
20 21
21 22
22 23
23 24
24 25
25 26
26 27
27 28
28 29
29 30
30 31
31 32
32 33
33 34
34 35
35 36
36 37
37 38
38 39
39 40
40 41
41 42
42 43
43 44
44 45
45 46
46 47
47 48
48 49
49 50
50 51
51 52
52 53
53 54
54 55
55 56
56 57
57 58
58 59
59 60
60 61
61 62
62 63
63 64
64 65
65 66
66 67
67 68
68 69
69 70
70 71
71 72
72 73
73 74
74 75
75 76
76 77
77 78
78 79
79 80
80 81
81 82
82 83
83 84
84 85
85 86
86 87
87 88
88 89
89 90
90 91
91 92
92 93
93 94
94 95
95 96
96 97
97 98
98 99
99 100
100 101
101 102
102 103
103 104
104 105
105 106
106 107
107 108
108 109
109 110
110 111
111 112
112 113
113 114
114 115
115 116
116 117
117 118
118 119
119 120
120 121
121 122
122 123
123 124
124 125
125 126
126 127
127 128
128 129
129 130
130 131
131 132
132 133
133 134
134 135
135 136
136 137
137 138
138 139
139 140
140 141
141 142
142 143
143 144
144 145
145 146
146 147
147 148
148 149
149 150
150 151
151 152
152 153
153 154
154 155
155 156
156 157
157 158
158 159
159 160
160 161
161 162
162 163
163 164
164 165
165 166
166 167
167 168
168 169
169 170
170 171
171 172
172 173
173 174
174 175
175 176
176 177
177 178
178 179
179 180
180 181
181 182
182 183
183 184
184 185
185 186
186 187
187 188
188 189
189 190
190 191
191 192
192 193
193 194
194 195
195 196
196 197
197 198
198 199
199 200
1 200
66 110
166 98
67 151
82 123
150 20
115 11
39 59
115 187
159 43
28 119
186 51
171 180
159 116
53 170
31 65
54 37
41 32
89 55
102 33
172 8
198 183
17 142
66 9
43 196
195 104
175 126
121 199
198 116
194 31
81 198
129 174
88 9
109 106
165 63
189 163
108 83
29 74
107 132
58 74
28 50
84 19
139 39
111 67
197 18
127 86
15 105
182 129
93 172
188 147
118 98
34 103
200 7
46 28
115 181
33 150
56 18
112 180
123 177
95 183
27 81
54 41
95 133
37 129
136 83
157 64
60 181
128 162
196 135
93 15
99 160
6 22
29 169
183 26
123 42
185 12
61 36
27 84
36 82
191 13
90 17
55 95
78 21
79 81
32 25
142 52
56 19
26 54
161 134
124 145
95 131
98 130
158 152
177 85
80 30
131 21
43 127
102 41
93 194
113 116
108 98
47 171
96 35
16 105
8 36
73 79
177 181
94 102
22 40
195 9
103 162
49 68
70 7
198 15
89 33
88 77
90 33
37 125
1 139
157 199
51 135
89 101
131 47
11 68
150 68
94 83
18 25
122 81
6 81
54 86
189 45
180 160
60 65
26 122
139 152
37 93
107 124
132 45
147 115
36 187
61 91
113 17
124 47
51 190
197 53
195 29
92 126
168 68
185 162
166 48
195 161
102 127
71 4
5 135
125 111
36 151
15 199
6 11
21 180
58 191
2 77
171 136
101 51
73 7
96 27
173 72
138 161
179 197
12 92
6 28
116 13
189 154
139 80
19 129
135 88
188 126
44 166
18 49
182 144
33 114
77 10
72 63
55 150
33 167
99 60
88 183
126 91
35 15
132 157
32 125
50 29
2 116
114 39
162 73
173 52
50 112
32 49
10 129
169 72
122 115
103 56
169 162
153 113
12 125
112 10
68 19
10 140
23 180
48 93
13 193
31 131
93 158
66 60
55 59
166 16
61 123
135 74
161 121
75 183
50 55
72 162
94 111
120 84
64 87
198 176
124 105
90 182
78 67
1 49
161 55
106 116
30 107
182 64
57 126
41 71
17 173
166 181
180 46
138 49
66 62
41 113
99 122
167 104
58 111
103 10
84 185
136 55
175 44
153 5
165 98
105 164
111 39
117 74
200 175
52 191
33 92
107 196
69 193
70 29
185 154
85 77
34 4
82 135
165 192
168 91
59 106
74 84
58 194
189 84
65 124
9 77
33 82
65 22
125 119
118 150
106 153
65 12
28 177
92 60
58 133
183 8
158 145
37 52
115 49
32 173
41 188
36 107
84 4
182 155
99 151
7 27
136 60
136 149
177 133
189 70
42 139
114 101
159 157
108 38
191 122
182 30
162 6
24 122
139 165
97 197
117 124
35 74
143 58
36 184
153 25
100 122
27 108
111 179
119 71
118 21
89 66
190 122
16 102
66 31
195 148
100 153
117 84
29 134
65 49
4 81
106 150
54 200
141 144
182 7
82 157
19 105
9 29
96 1
123 21
113 53
22 87
4 165
117 120
94 185
83 120
52 29
197 191
73 145
191 147
35 45
100 128
142 44
173 118
12 40
74 111
102 3
78 52
192 127
134 193
96 141
185 120
66 187
129 82
20 137
90 174
169 60
83 90
171 59
5 194
90 148
70 115
10 152
34 47
44 132
110 195
174 109
175 57
72 174
141 45
129 152
60 90
24 79
124 156
118 40
180 199
150 79
48 65
104 101
184 3
117 172
168 131
190 166
195 58
194 155
24 133
70 104
149 163
185 59
14 135
48 81
102 99
63 178
181 8
193 180
62 186
45 80
11 37
93 180
113 196
197 174
183 56
91 19
130 3
181 112
75 48
29 27
51 158
2 122
97 91
27 22
9 175
31 168
90 146
113 93
87 59
104 84
47 74
20 96
41 50
21 43
114 176
200 61
186 147
174 123
149 174
100 133
13 190
187 191
13 62
114 197
95 181
56 3
24 182
147 68
110 172
183 149
83 133
85 100
3 10
5 188
153 43
77 40
187 74
175 79
111 175
70 1
51 121
156 117
150 65
30 59
185 119
7 96
104 145
173 47
135 96
7 157
163 46
187 29
189 187
196 76
44 135
6 116
179 92
57 136
35 9
31 71
178 79
185 178
153 85
117 107
23 177
158 47
52 28
147 156
198 185
140 38
117 150
122 79
174 127
51 60
33 137
71 49
6 140
36 86
163 9
191 3
138 63
107 66
46 191
144 44
147 61
34 91
145 128
129 88
60 108
149 21
102 181
162 105
157 177
137 183
21 13
113 127
138 135
127 112
70 174
185 29
139 161
194 55
13 7
63 31
104 185
38 137
16 19
42 162
59 78
116 32
195 124
119 33
94 68
167 62
184 114
198 165
97 186
141 151
90 154
118 191
83 172
28 113
121 6
114 126
23 126
95 190
114 187
79 45
159 185
147 70
131 188
160 83
174 115
83 166
107 113
104 187
7 21
115 60
80 61
19 87
175 62
200 80
188 200
187 38
65 177
165 108
135 199
24 87
122 157
192 40
123 167
27 80
90 93
42 77
83 12
156 169
197 119
187 178
54 118
25 149
73 130
69 126
171 93
137 113
9 36
73 92
29 192
14 123
184 130
196 142
69 82
196 129
164 173
83 158
149 117
71 103
84 91
150 24
181 121
55 81
172 47
12 75
80 4
69 199
83 35
111 178
17 147
165 145
184 56
169 176
91 137
73 104
156 141
131 88
44 98
83 181
116 174
197 13
84 73
123 156
25 22
113 95
72 103
4 181
36 57
113 79
49 188
157 62
105 37
39 105
151 147
143 91
92 14
174 199
59 6
61 176
141 102
129 56
24 88
51 166
102 27
72 27
71 182
19 161
104 92
90 111
128 76
33 54
30 61
47 154
161 132
100 18
31 122
180 29
66 167
91 127
172 35
77 121
25 189
33 126
26 182
185 97
77 147
181 96
35 11
32 66
122 27
28 135
91 41
25 187
7 163
65 142
17 87
197 107
127 168
154 82
60 165
61 143
192 53
13 18
187 32
138 147
131 81
107 184
9 69
16 29
78 194
36 28
135 187
62 79
46 189
82 190
52 128
96 32
161 141
99 179
140 75
57 128
64 78
96 195
141 32
129 125
133 28
131 76
100 170
130 7
200 5
49 66
74 162
9 143
167 76
124 96
90 153
122 152
11 53
100 69
42 132
153 41
124 157
103 133
113 51
155 37
94 137
191 156
19 41
62 130
18 150
16 138
190 132
99 13
32 145
150 147
23 93
151 73
28 71
27 176
130 189
72 130
186 22
53 67
130 106
189 138
13 16
102 110
127 9
154 4
82 93
1 182
67 89
91 103
63 20
153 37
99 121
104 35
105 173
69 180
154 200
8 60
29 194
198 168
97 143
192 90
16 89
9 78
165 25
114 200
62 9
14 189
10 199
153 50
104 193
146 109
72 29
130 100
5 59
110 197
20 59
60 123
103 97
136 118
51 83
87 42
107 38
67 100
171 21
119 20
115 62
107 51
45 137
27 19
55 178
120 194
164 176
9 156
57 162
145 97
161 16
33 28
36 160
59 108
49 95
133 11
109 169
68 34
149 81
128 164
57 46
85 187
104 177
32 13
111 171
173 113
78 167
27 140
125 45
48 194
33 200
106 42
72 53
88 85
176 119
196 50
171 69
79 6
36 110
1 4
146 163
101 22
167 117
23 136
87 72
196 8
166 186
127 40
128 79
6 80
23 176
62 60
8 158
124 126
1 57
102 148
95 75
107 173
198 89
159 94
166 182
80 178
4 93
181 157
49 110
73 131
134 122
156 26
100 148
115 113
11 158
156 80
147 42
124 74
166 7
163 95
172 190
136 28
78 43
185 32
70 95
90 81
104 183
47 150
73 187
60 178
52 146
11 40
27 94
99 111
37 111
101 169
128 131
151 14
51 31
57 37
27 49
123 45
102 96
152 64
58 156
126 112
159 135
137 30
88 28
195 109
61 187
197 125
152 184
198 110
178 17
41 95
55 82
126 46
137 117
31 183
163 19
139 14
126 145
71 1
63 49
11 110
34 144
15 172
72 163
83 11
199 136
171 11
53 48
198 28
54 84
177 171
160 8
16 36
167 128
92 183
1 158
181 103
114 150
138 89
131 36
57 90
190 59
106 91
87 146
167 81
25 200
187 96
66 92
32 59
56 132
166 75
16 141
36 22
37 178
176 6
59 62
131 79
112 71
32 15
185 10
74 112
87 133
32 119
40 144
58 89
77 168
99 173
68 157
145 69
118 111
26 191
48 59
91 176
196 149
113 66
28 13
39 153
36 179
11 13
94 80
88 95
138 61
100 63
128 98
60 85
133 150
139 5
181 10
139 64
65 73
88 80
102 57
71 80
59 142
101 86
138 117
96 108
58 78
37 104
59 169
20 193
135 128
57 179
4 50
77 164
133 131
163 47
124 169
95 3
190 180
119 34
156 74
163 53
169 173
137 44
30 5
143 169
72 184
53 61
173 73
117 55
28 7
44 110
57 64
186 21
126 158
92 90
155 72
30 22
23 83
158 85
106 88
73 186
60 39
191 63
112 86
156 100
131 86
48 73
34 43
80 198
78 38
146 77
48 114
141 166
117 194
113 166
130 54
30 111
143 59
173 108
128 130
86 72
7 10
68 52
100 110
33 135
50 135
167 93
83 27
102 154
6 97
158 102
73 89
117 173
152 12
53 49
17 71
69 132
36 81
61 129
156 53
57 51
169 182
155 66
60 195
39 3
79 151
174 5
22 75
93 116
22 54
183 2
178 114
60 19
168 17
185 174
93 45
138 181
73 99
174 11
194 154
135 123
19 133
25 122
127 197
189 196
39 171
177 9
131 170
101 183
190 36
67 119
146 45
169 116
96 200
34 141
34 181
107 18
100 78
12 86
84 22
175 65
68 24
106 104
183 22
182 109
180 27
73 181
102 61
79 125
95 13
54 87
13 192
114 194
53 91
88 6
191 98
11 168
10 53
21 111
46 173
176 60
58 105
42 153
174 59
92 111
14 120
34 166
153 135
8 57
188 28
37 166
4 194
83 57
151 181
157 15
139 2
145 57
109 33
73 78
47 192
175 160
178 2
199 73
145 170
69 29
134 43
94 177
120 110
119 27
16 25
116 47
68 195
145 79
155 4
12 54
56 76
121 183
92 86
103 19
160 76
144 4
161 156
82 51
190 153
28 132
17 77
149 34
95 119
64 43
111 27
149 97
96 42
7 26
28 196
106 121
161 42
134 183
32 83
126 103
176 73
166 25
130 199
85 30
44 24
155 75
188 45
199 145
123 151
19 146
124 174
68 193
185 14
165 24
43 45
108 47
75 49
199 98
87 179
143 196
108 150
190 103
95 73
101 175
177 167
117 180
128 26
67 45
38 129
85 180
33 98
79 8
169 125
139 120
25 80
178 117
133 22
139 148
30 18
28 51
118 65
166 121
139 36
115 190
124 181
68 23
24 52
64 9
195 133
39 132
15 110
14 68
28 122
86 75
136 160
126 82
16 197
78 174
102 157
191 70
152 74
122 105
18 139
70 63
90 28
10 175
23 5
88 187
23 7
7 68
53 111
64 171
162 8
82 85
106 5
43 187
157 184
63 93
155 133
25 158
83 146
39 71
76 138
77 193
199 181
80 72
40 151
48 98
186 174
149 147
143 151
120 18
173 91
159 118
30 15
72 110
182 194
120 135
69 77
191 198
32 79
39 196
121 92
41 168
182 180
192 106
84 23
158 23
18 114
115 176
57 130
11 63
167 71
98 167
170 70
49 187
112 125
129 7
41 164
110 31
104 54
152 71
190 183
194 30
23 80
139 122
141 177
86 146
78 70
39 108
94 60
139 191
190 135
28 182
9 73
147 152
93 135
181 98
86 136
181 152
138 129
185 78
8 90
176 127
84 170
159 28
16 117
17 177
107 35
113 37
73 30
13 64
195 177
81 97
118 64
193 168
83 162
118 129
97 63
154 66
100 46
82 164
154 9
64 17
2 29
10 119
6 25
81 3
63 45
17 190
37 161
15 33
105 115
145 31
4 143
108 185
85 107
114 190
54 64
96 148
78 179
200 22
111 165
170 96
30 12
75 197
196 77
139 84
169 149
16 145
57 107
52 25
114 4
112 48
134 95
97 25
83 130
45 51
16 18
78 48
145 176
43 2
86 93
177 78
99 135
34 146
70 41
94 23
188 122
109 176
18 119
143 123
93 125
114 189
38 56
98 183
132 151
118 33
48 156
45 191
22 8
148 190
97 35
73 177
21 82
69 135
196 25
81 113
94 129
57 11
54 143
119 43
192 148
172 103
158 63
118 138
87 182
7 22
55 99
150 21
194 181
81 134
134 197
193 175
140 44
77 80
181 144
197 31
50 13
102 59
114 92
48 96
23 110
86 140
141 194
25 125
126 43
162 173
3 29
33 74
79 17
164 76
82 22
162 154
136 7
42 159
169 195
63 182
87 161
22 91
37 97
132 106
181 22
50 110
193 14
167 82
95 124
95 9
105 198
184 25
182 20
157 51
74 141
73 31
131 148
127 83
66 106
127 188
72 62
160 197
40 190
38 41
12 50
164 72
86 108
158 106
175 91
8 154
87 162
179 141
123 120
14 94
2 106
111 9
184 80
94 37
9 198
18 164
96 101
61 41
19 147
17 104
195 108
70 72
91 138
195 176
180 137
126 87
17 162
26 16
50 98
87 122
22 17
113 2
85 89
71 179
61 108
186 196
88 91
139 128
38 131
45 64
93 31
169 155
129 41
11 95
30 92
51 199
92 157
15 29
78 87
105 167
140 92
40 2
21 39
28 187
92 102
90 198
70 92
177 117
192 52
67 175
29 7
15 106
190 25
48 2
66 10
36 154
179 147
147 124
98 76
26 60
144 142
33 31
160 16
28 86
6 148
88 52
132 25
84 116
78 68
183 174
180 185
142 136
41 77
83 177
158 38
143 162
94 44
95 63
143 36
136 191
64 189
176 172
116 64
82 75
25 85
88 23
79 123
17 59
110 154
106 78
106 131
101 150
52 133
24 8
34 195
2 154
150 188
115 158
133 118
119 17
82 56
185 62
3 124
76 6
172 111
69 165
157 160
2 144
167 182
57 92
187 1
128 55
128 163
10 161
91 186
74 196
69 75
12 111
160 123
187 142
103 18
16 191
41 63
137 200
105 161
90 12
179 19
9 55
132 192
55 134
27 110
17 50
54 188
103 28
72 142
84 26
2 12
168 15
175 100
187 157
9 137
127 5
9 63
189 142
60 188
138 126
52 92
28 186
40 49
96 8
161 154
143 88
37 197
62 22
85 139
198 142
68 125
199 196
162 2
80 168
105 160
35 40
22 172
198 63
4 103
56 13
184 178
136 176
176 4
182 68
192 150
22 10
178 146
2 173
153 111
178 92
156 75
141 52
29 38
41 23
90 68
75 177
28 154
144 172
104 181
94 187
113 160
63 79
147 48
90 184
31 38
184 81
128 179
81 192
195 25
43 100
54 154
194 156
117 162
51 47
102 191
107 105
179 41
171 80
44 127
153 156
79 13
123 171
82 141
73 140
136 174
88 159
146 111
11 15
32 188
85 97
49 22
186 10
113 56
15 18
162 132
127 147
9 187
20 195
3 49
176 106
155 159
43 53
192 184
13 44
166 110
111 154
155 104
200 144
39 101
32 91
9 82
27 48
79 55
98 70
154 35
164 90
79 71
162 116
151 9
133 113
198 180
52 178
124 161
56 89
50 26
192 142
13 41
19 82
83 20
23 171
110 191
199 117
159 45
144 22
161 17
59 95
15 117
19 37
158 84
199 84
79 189
105 119
123 172
29 87
137 125
185 36
72 85
51 150
116 8
176 170
22 146
149 143
199 177
81 117
40 24
34 96
106 169
174 146
147 176
115 169
197 103
89 44
183 21
131 67
103 35
150 143
167 24
17 152
128 29
192 20
198 5
141 46
28 3
140 100
48 80
60 5
200 2
151 37
107 83
180 139
103 3
17 66
145 179
29 73
133 73
41 186
61 196
123 9
68 43
52 45
125 31
110 155
153 140
192 157
78 85
110 128
58 200
148 200
31 135
191 61
35 75
196 54
173 8
163 154
78 82
113 59
170 32
89 186
39 165
11 33
133 109
70 18
117 93
186 126
133 53
42 154
140 43
156 4
175 97
155 98
191 172
97 105
88 198
193 138
165 107
34 74
147 161
188 65
141 11
57 9
80 2
19 78
66 55
153 116
180 15
65 6
101 52
27 12
136 112
127 177
190 105
191 28
167 20
171 197
178 180
128 158
58 178
18 121
73 76
108 121
163 79
119 191
14 160
69 2
82 77
106 115
21 169
18 177
147 118
83 54
13 153
154 158
153 47
12 197
129 6
50 11
100 125
73 40
18 101
129 13
115 152
26 5
144 6
99 143
103 64
197 72
16 124
179 189
83 141
55 103
88 36
137 151
170 69
97 115
10 174
99 22
184 61
199 159
138 44
71 145
114 73
54 135
19 11
168 71
11 79
46 26
141 73
166 163
57 75
128 147
36 126
151 145
19 99
115 167
151 153
117 14
139 153
199 116
102 108
103 88
153 46
133 157
41 121
100 113
35 7
62 106
67 60
108 72
116 79
75 50
11 163
66 97
151 193
164 147
70 33
139 178
25 83
154 134
106 54
186 58
150 128
176 51
139 47
123 43
189 107
10 200
126 10
108 159
16 70
39 56
196 78
38 194
167 155
174 133
135 115
142 99
94 176
181 91
195 158
79 137
128 12
45 53
187 133
82 110
147 133
186 86
118 47
39 186
56 136
1 180
65 123
129 107
186 15
187 164
191 57
86 44
154 192
15 23
141 58
199 168
60 113
23 131
149 154
41 27
6 123
70 139
119 38
172 188
89 179
131 69
68 115
131 194
15 84
100 142
182 92
82 165
39 134
13 178
119 94
2 35
7 65
146 76
90 163
76 104
144 36
103 76
192 101
45 172
194 52
117 75
115 15
26 139
16 79
118 34
84 9
81 110
160 88
30 187
101 149
64 129
55 153
44 3
53 128
83 175
32 39
165 200
38 46
18 81
129 158
180 20
67 177
60 95
25 78
43 128
86 170
56 95
89 131
45 150
93 149
171 133
144 113
95 97
12 28
25 81
174 102
11 150
56 4
170 38
15 21
38 43
140 36
37 114
178 152
124 48
132 150
149 69
46 82
25 4
31 143
77 119
70 127
133 110
71 138
169 137
12 64
193 131
144 128
5 175
26 96
166 13
21 88
129 172
125 14
90 51
33 88
67 74
39 151
110 108
35 189
154 63
198 190
115 119
5 62
137 176
133 173
101 92
157 166
82 4
156 57
112 12
134 107
108 164
141 76
22 46
170 15
18 46
75 113
14 194
13 40
46 41
43 185
13 139
76 86
3 114
40 167
55 32
174 26
50 178
17 197
98 78
52 90
28 193
178 74
184 189
178 45
67 178
11 194
10 45
63 160
66 78
21 32
18 109
139 91
171 140
78 113
102 89
29 25
139 129
147 154
190 24
179 55
191 39
180 188
42 59
153 174
53 105
189 50
198 95
147 26
61 110
84 17
74 17
29 146
162 47
64 100
10 12
107 97
57 39
90 200
26 195
199 62
21 134
96 179
128 159
175 3
145 156
45 95
184 77
96 157
197 67
79 139
138 82
13 55
102 195
116 67
20 159
123 194
4 53
150 100
67 102
197 143
25 179
66 71
73 93
198 35
52 34
191 79
11 55
172 100
153 183
13 47
24 146
87 119
24 30
2 108
114 149
3 143
31 144
174 122
94 109
9 141
179 164
58 177
62 145
157 121
109 172
51 108
7 84
168 146
168 178
116 122
63 67
141 53
4 6
140 53
163 55
59 66
188 121
103 8
90 115
167 32
147 51
7 42
22 52
8 74
126 79
179 158
197 199
145 159
128 112
65 1
82 173
60 112
161 91
157 81
72 166
172 178
121 96
127 114
74 43
91 183
127 79
123 17
17 114
153 65
77 102
103 179
152 93
117 200
30 86
40 20
53 74
160 169
7 56
91 13
107 65
128 177
1 110
57 131
78 5
193 17
122 66
181 62
85 61
36 41
43 109
43 83
94 150
191 96
119 73
19 79
104 109
23 119
29 126
53 12
171 8
158 71
21 66
139 123
1 181
107 195
170 109
178 24
22 97
132 199
114 8
185 112
180 2
166 198
124 88
195 101
160 163
177 180
16 34
184 11
26 79
28 54
28 192
35 197
138 60
58 24
149 94
94 40
132 30
49 10
168 182
26 91
77 19
91 112
195 152
33 63
80 196
122 7
23 28
181 113
132 83
50 99
33 120
31 147
67 182
79 167
193 36
104 113
148 56
187 102
30 65
36 195
25 151
191 111
167 77
86 100
1 38
156 165
85 115
116 141
19 156
36 168
178 70
65 15
188 83
87 75
7 197
183 105
2 115
81 91
150 43
104 176
88 105
103 127
7 83
55 4
157 93
66 173
37 13
152 26
174 40
72 143
46 30
76 60
149 37
178 82
8 51
101 8
83 157
6 26
78 31
140 3
192 24
173 130
130 115
169 189
28 194
197 19
123 176
58 84
170 164
188 120
117 97
87 63
184 176
167 149
125 44
74 142
198 137
128 58
164 75
131 58
34 175
20 157
9 21
130 58
57 174
111 82
184 151
95 179
139 146
15 124
83 68
159 179
126 25
27 101
40 162
42 172
42 135
74 173
190 74
72 150
88 25
3 146
86 153
149 177
93 177
160 3
166 93
48 178
157 128
87 116
181 165
33 51
95 16
29 64
24 157
25 59
72 105
139 119
148 88
69 186
38 23
3 121
156 41
128 59
44 66
135 155
18 98
176 58
90 58
182 5
67 64
197 69
18 168
134 116
27 86
133 37
185 69
12 186
112 90
168 59
102 106
54 199
176 53
88 73
192 159
197 39
137 122
142 200
116 175
154 131
135 166
176 89
50 18
160 81
85 42
7 81
146 181
135 57
24 83
39 22
45 78
60 81
29 149
92 85
48 99
41 119
120 190
2 91
85 183
132 112
200 107
187 129
73 69
177 40
193 107
180 191
151 88
128 24
7 191
95 111
187 33
73 101
25 61
124 34
175 92
107 15
72 45
112 166
181 153
121 86
110 148
36 147
48 66
134 127
101 110
126 14
142 21
168 145
147 60
89 193
168 108
27 65
188 87
3 170
191 109
191 22
138 57
138 128
89 34
58 72
45 50
21 57
12 6
158 116
92 83
25 66
64 112
169 52
75 126
104 110
7 20
36 137
54 145
8 85
94 141
189 146
44 152
198 29
144 176
13 135
184 2
64 53
7 51
110 127
95 65
98 32
132 100
146 63
18 190
116 128
17 35
175 109
199 172
186 78
2 137
198 40
27 130
107 123
124 9
11 46
3 155
120 46
49 60
29 23
1 162
165 144
149 49
17 2
93 115
126 55
138 18
58 125
87 82
109 67
78 34
66 152
113 168
51 185
134 54
153 112
96 64
77 142
126 81
89 87
139 150
93 30
36 80
58 14
67 94
66 5
17 120
4 195
121 65
108 55
191 11
43 33
88 101
164 3
13 63
99 139
133 34
106 171
25 30
37 107
143 43
20 126
191 47
168 14
164 62
28 112
125 122
189 89
41 11
94 160
109 102
120 161
169 51
30 133
32 92
94 33
184 37
7 105
191 194
155 59
42 10
165 155
48 67
128 70
8 118
45 6
44 8
92 148
36 121
37 171
57 99
123 76
89 47
184 169
41 74
105 196
43 121
97 124
138 108
174 143
93 97
193 183
134 114
128 8
96 14
172 59
142 176
62 184
101 126
199 86
69 43
162 50
125 71
30 144
148 79
30 6
192 99
179 58
159 48
46 69
116 91
14 112
182 173
55 169
130 89
72 168
105 123
59 29
83 85
44 194
84 163
50 33
185 88
154 182
108 33
50 25
6 192
148 178
100 154
75 120
105 62
169 14
144 18
32 105
137 96
123 59
97 181
146 18
58 168
156 51
164 4
78 120
143 33
102 188
152 94
115 22
24 113
138 13
189 3
200 120
10 54
130 170
132 191
9 160
168 136
38 17
150 142
148 170
43 56
163 110
186 165
87 183
53 135
143 124
50 200
178 23
181 161
196 86
200 192
117 90
184 186
160 52
149 184
12 138
35 191
50 77
47 97
122 185
166 148
66 95
62 58
106 195
85 171
172 198
132 57
105 171
136 54
144 78
113 26
22 147
15 109
107 80
152 2
65 132
174 118
95 150
140 37
52 184
48 86
81 123
124 66
163 15
38 7
138 130
136 117
39 138
53 109
131 35
194 61
15 12
157 77
17 138
163 71
84 64
154 167
80 128
168 43
16 80
143 44
120 141
95 117
150 193
45 144
102 68
178 181
50 71
1 39
47 53
146 166
81 106
125 187
5 185
66 77
23 37
121 190
123 49
192 87
29 77
88 72
61 3
107 154
167 130
104 39
129 89
31 117
95 71
71 134
52 195
181 67
153 125
183 126
117 48
120 2
198 52
130 105
37 87
127 92
12 175
83 111
150 191
156 30
152 61
141 56
56 111
52 16
59 158
73 100
182 91
199 82
84 80
160 54
22 188
164 100
49 92
126 34
101 177
174 51
83 154
51 151
166 125
62 89
159 139
117 99
104 151
174 155
195 95
25 65
186 11
3 30
105 23
193 92
112 115
164 17
43 7
75 161
120 8
79 158
25 133
164 172
12 115
27 39
105 84
163 32
104 65
193 109
41 72
68 149
74 10
97 38
48 126
118 73
30 94
170 46
10 47
18 171
155 189
186 43
66 84
14 154
133 29
56 199
98 149
12 62
179 100
75 54
18 154
116 178
18 8
101 13
86 1
37 45
192 113
10 141
29 101
86 6
169 80
99 84
55 69
71 30
163 138
151 93
105 80
171 190
74 103
7 199
137 89
60 143
96 183
117 40
174 3
112 110
140 145
36 85
170 57
106 103
106 186
63 175
156 144
132 119
66 158
113 155
54 79
127 166
31 192
141 134
65 112
184 129
172 163
47 178
152 33
56 101
29 40
106 16
158 122
169 86
147 123
29 63
181 29
108 137
44 79
66 63
92 97
178 137
188 20
34 45
114 41
99 93
123 15
184 4
108 34
173 56
149 144
135 180
119 8
79 104
153 8
146 154
49 30
142 140
88 4
20 120
92 23
89 150
32 197
112 108
114 98
113 19
190 52
155 41
36 56
195 115
35 102
159 18
16 97
156 40
97 106
17 51
106 182
96 151
118 28
188 101
179 146
67 47
48 94
170 154
108 20
82 170
30 8
95 31
107 86
42 109
147 34
61 139
61 50
69 89
181 55
140 13
75 99
159 200
101 16
15 116
189 41
134 42
149 50
159 44
45 16
46 134
101 131
194 84
185 15
110 185
140 119
32 28
63 28
154 5
47 183
71 96
55 122
119 39
149 95
122 97
66 61
60 68
42 88
87 167
124 54
101 189
91 72
96 118
145 59
88 78
55 144
62 48
177 76
188 163
135 111
40 59
1 88
163 170
33 180
93 60
92 43
200 149
20 62
75 109
171 25
56 94
70 20
94 138
48 61
51 69
52 59
130 164
24 104
64 185
156 186
86 97
18 27
27 23
74 96
58 73
75 143
98 86
56 133
128 189
168 23
13 85
96 136
8 140
80 197
38 123
136 148
134 196
129 81
116 161
108 157
110 141
20 67
172 157
45 127
102 47
152 81
114 59
119 45
133 90
166 184
45 85
22 14
95 118
163 83
104 74
49 153
64 150
67 51
53 158
87 101
51 125
143 93
82 100
76 80
23 182
182 186
68 134
159 173
21 4
147 47
188 88
141 117
34 182
139 183
102 196
43 37
149 178
17 139
126 85
68 167
127 32
49 35
41 131
81 191
13 183
85 64
193 196
147 11
117 57
45 36
183 162
105 125
38 61
149 40
148 143
138 183
114 156
165 61
135 73
155 51
200 101
48 145
175 131
100 161
5 176
55 42
25 35
76 12
130 41
47 7
172 75
63 36
8 92
158 105
171 49
103 5
57 146
182 89
125 56
18 162
161 1
200 28
173 19
13 100
148 75
90 114
93 54
155 152
41 178
47 33
30 88
54 59
172 28
44 71
78 103
99 3
159 89
139 9
129 192
66 16
168 110
65 96
76 125
95 87
9 188
6 181
37 173
15 38
130 188
144 16
137 114
15 126
69 92
147 190
137 57
164 107
168 185
37 91
128 191
6 191
181 11
81 190
122 171
10 83
67 198
144 65
170 26
64 21
110 107
157 6
23 186
85 118
93 144
93 127
162 25
48 15
150 162
116 156
21 33
81 166
162 81
173 196
199 64
2 76
65 77
157 134
39 97
105 172
169 135
177 82
74 150
96 61
108 44
18 6
78 107
182 74
75 97
83 143
89 168
86 180
146 84
47 26
134 186
125 53
104 8
35 118
117 196
48 82
65 39
124 112
127 33
81 8
177 148
168 128
13 118
80 5
105 75
1 28
108 68
197 3
101 63
170 140
125 189
78 61
90 137
124 72
132 79
118 187
163 17
122 95
72 14
160 101
60 191
38 148
100 30
44 52
170 199
41 193
167 6
84 125
70 55
25 110
123 56
20 111
121 168
188 112
154 30
100 22
57 148
100 136
171 2
119 172
19 122
54 57
122 56
7 106
160 151
41 154
40 9
3 75
76 150
117 13
37 200
165 150
127 1
154 148
74 125
175 32
92 177
164 85
195 82
158 10
94 162
187 174
112 150
177 52
48 137
186 181
80 131
53 99
64 83
5 142
107 11
159 24
135 80
11 109
127 66
93 112
14 127
11 72
173 124
148 77
155 48
153 136
83 45
182 121
2 138
17 83
126 176
81 145
180 170
44 126
114 198
55 167
117 91
96 28
172 130
38 134
21 191
93 145
189 176
178 136
79 60
38 98
71 130
171 81
196 98
67 137
158 18
101 44
31 179
161 119
96 103
183 118
150 190
170 95
135 170
163 59
191 155
67 34
29 110
14 192
23 52
134 33
85 179
53 149
55 192
90 118
169 152
79 117
120 73
117 96
187 3
120 31
189 171
51 68
30 102
23 150
92 98
21 72
43 82
152 92
18 127
185 99
54 56
192 69
108 77
17 169
31 137
14 118
110 3
175 140
56 78
107 81
32 122
21 92
148 183
63 3
20 47
185 49
48 5
101 23
22 48
37 8
183 131
1 94
51 5
88 196
126 178
199 161
121 191
122 93
164 102
106 163
134 159
98 62
72 116
164 56
10 8
192 158
57 144
116 35
169 172
175 59
131 127
130 39
136 173
34 155
87 110
14 97
77 139
20 29
95 151
164 174
96 10
41 76
41 16
187 192
63 1
141 178
16 126
46 84
40 106
114 174
48 17
22 130
182 93
10 99
132 31
154 7
46 62
110 47
127 20
133 165
83 121
28 79
182 102
200 103
30 79
68 170
148 19
58 127
141 29
29 6
169 179
101 21
109 58
45 180
43 79
48 154
137 188
86 137
21 1
63 139
1 76
168 134
166 101
110 175
164 12
23 170
133 68
42 3
14 164
67 114
131 65
94 3
195 72
197 70
146 74
117 53
21 38
181 150
120 36
39 192
63 137
179 1
53 172
131 181
84 122
195 92
173 153
125 18
109 166
51 189
11 30
191 9
178 191
70 53
57 29
9 148
200 67
151 80
118 19
160 31
164 64
180 121
112 5
52 168
17 143
145 194
104 146
147 29
72 148
153 142
96 167
153 71
70 32
143 113
193 139
77 36
9 11
186 112
58 129
156 196
173 4
128 83
75 93
21 196
168 181
163 77
64 120
61 23
108 125
28 59
128 21
71 12
38 81
156 2
34 9
182 43
149 124
44 54
145 61
43 173
70 3
179 68
83 49
135 154
167 170
48 90
94 96
12 48
112 67
136 175
69 30
34 8
2 104
34 5
172 96
98 67
6 180
49 37
166 172
101 141
57 73
119 93
117 9
145 82
186 179
26 157
100 3
107 69
159 3
49 166
167 106
27 61
19 107
157 168
182 22
157 188
122 18
148 23
98 83
94 183
172 179
56 64
43 152
63 32
148 169
133 139
92 150
50 70
75 4
175 163
45 54
117 61
75 61
81 179
11 124
115 24
177 19
34 194
176 101
72 5
68 144
70 125
162 60
41 115
14 64
171 42
114 165
15 161
133 41
45 2
42 66
142 185
46 127
17 180
63 151
81 50
29 167
137 1
167 118
172 14
8 5
39 24
12 103
162 144
23 63
163 186
191 162
180 127
7 66
93 38
171 168
29 109
3 156
17 85
191 49
57 105
10 147
106 90
24 109
195 79
93 2
77 116
86 38
11 66
125 147
175 114
160 179
61 131
132 110
157 91
137 83
141 154
73 138
78 110
183 122
15 165
25 101
45 199
118 56
161 127
125 20
50 141
185 149
10 51
75 44
68 25
26 163
183 166
20 38
142 8
137 61
123 33
34 105
66 142
1 189
190 9
79 20
177 161
122 153
157 164
172 95
129 18
195 170
136 188
59 200
136 180
149 71
92 163
137 112
39 146
136 81
154 109
151 58
137 3
19 57
43 133
29 47
45 161
134 119
16 94
42 91
194 199
105 146
171 113
135 91
91 154
142 13
172 114
68 13
188 196
32 109
133 156
58 31
76 154
50 42
130 65
71 8
60 109
10 187
104 194
116 145
195 150
144 171
81 51
31 124
187 53
153 146
31 19
3 138
94 61
178 10
65 72
116 149
87 195
178 49
34 6
101 14
70 59
29 54
1 51
178 87
32 82
16 98
81 139
162 121
2 95
137 40
156 43
57 127
195 149
56 75
170 31
122 150
106 72
154 38
180 111
117 121
91 66
170 110
78 172
92 200
196 175
103 120
114 7
188 6
22 103
140 150
112 21
163 185
151 87
196 69
172 18
95 52
160 32
174 192
46 192
38 143
61 186
17 53
168 4
56 191
90 94
139 65
198 12
29 200
80 1
65 182
172 68
150 120
190 119
48 188
166 61
99 177
92 48
106 19
138 148
100 21
23 151
119 164
24 10
4 149
10 75
95 166
22 64
115 27
174 107
112 78
61 183
77 1
170 119
171 97
188 82
165 101
3 192
133 105
141 12
59 138
121 194
189 88
139 117
65 5
71 32
193 118
119 92
28 83
180 13
13 110
109 135
109 86
186 161
79 111
29 138
144 191
152 31
64 104
44 69
49 84
134 83
109 194
23 12
159 131
180 116
20 181
99 109
51 146
128 136
164 91
137 66
78 76
170 5
168 47
125 2
65 55
128 183
57 166
37 147
150 130
58 189
84 30
36 181
102 171
105 95
108 6
149 6
143 109
141 131
30 177
143 120
196 47
95 58
90 145
171 104
51 71
47 121
168 51
151 140
49 86
92 88
95 136
3 119
125 30
197 157
175 33
107 25
27 103
72 188
173 190
4 30
131 98
88 164
125 27
9 106
188 181
143 39
116 188
66 90
108 177
75 8
191 171
159 167
84 53
86 47
70 36
128 118
154 157
174 28
192 7
111 36
186 188
11 151
166 9
155 1
61 55
196 159
176 150
168 111
83 18
177 193
116 130
113 45
167 196
59 64
105 93
127 52
111 133
163 171
12 132
50 116
48 186
37 35
169 12
129 93
87 69
18 55
121 74
71 93
90 77
31 25
126 136
66 83
195 71
166 60
162 68
193 80
186 110
182 175
59 162
79 74
62 150
83 159
29 179
118 16
153 21
12 29
177 29
135 151
93 56
172 143
50 175
69 65
113 69
106 108
126 174
55 184
81 67
43 31
160 34
51 128
118 26
146 27
185 187
22 195
67 57
29 45
117 122
120 115
130 61
122 170
30 180
126 141
135 184
146 126
28 42
39 92
177 47
54 172
125 39
123 136
6 187
18 188
59 104
123 189
26 69
68 77
139 49
52 162
72 180
80 92
72 115
162 30
167 139
106 112
126 90
138 37
54 27
161 51
62 57
32 172
68 93
77 195
39 96
168 153
191 17
115 140
2 51
140 109
49 67
142 118
90 23
8 33
57 33
200 138
111 104
163 82
191 165
114 192
160 120
84 144
13 43
24 166
93 50
156 50
28 124
175 189
129 54
164 80
137 55
94 182
151 194
33 73
99 70
158 178
48 31
61 134
124 89
17 184
89 6
40 123
18 78
170 83
8 185
75 152
135 83
25 137
73 123
175 188
191 164
56 72
60 33
177 169
68 12
6 64
116 152
158 34
127 148
74 115
84 175
36 188
116 99
183 70
167 174
68 62
95 27
163 197
96 175
46 54
123 24
119 133
106 188
82 39
121 49
144 132
48 20
183 165
54 153
190 54
151 66
59 144
104 102
171 89
137 81
80 195
184 24
94 158
44 106
113 38
87 199
87 135
199 184
92 190
83 8
108 182
118 62
1 116
8 164
71 139
194 19
134 90
160 66
195 128
60 119
151 38
50 95
64 158
106 138
45 121
173 155
22 113
197 186
54 110
93 132
135 12
139 194
148 114
199 58
80 138
115 109
155 179
14 190
120 183
178 95
35 53
173 123
5 57
146 49
135 64
151 5
59 45
34 53
138 30
94 92
100 40
127 31
81 13
108 100
40 57
35 101
142 2
130 17
126 137
63 194
50 89
183 152
47 179
120 98
150 49
109 185
24 175
107 171
64 3
55 25
165 171
30 28
34 123
2 96
179 116
117 41
127 49
93 64
194 176
169 43
40 150
187 79
70 134
54 88
101 81
14 105
78 156
41 127
65 106
54 174
1 167
44 123
145 77
187 72
44 95
56 61
92 158
189 174
181 105
59 21
86 173
119 108
155 162
22 77
70 157
102 64
157 113
192 74
193 161
151 161
71 6
125 60
21 138
16 112
78 162
190 62
77 3
140 103
78 62
8 184
63 130
131 120
9 165
148 1
115 73
63 117
58 101
192 42
44 168
33 75
72 98
126 2
87 79
48 57
42 58
166 91
189 99
129 127
2 78
169 27
177 60
78 32
131 82
145 95
34 65
21 109
26 19
93 96
26 168
159 21
167 144
114 91
88 140
89 103
159 38
30 129
35 200
143 5
121 163
156 24
86 3
161 131
196 163
180 122
70 179
44 134
182 189
101 159
161 63
22 140
142 105
80 146
52 106
130 107
6 94
163 4
86 119
184 82
88 64
130 82
77 181
87 6
160 162
129 104
49 179
107 182
140 158
195 24
141 86
103 125
85 119
51 152
154 122
76 20
135 142
85 53
91 180
36 172
81 15
134 18
155 29
85 105
33 179
178 34
37 127
198 149
49 148
164 20
103 188
45 183
5 191
110 40
169 99
154 33
138 50
63 163
73 90
124 154
191 85
47 43
199 123
39 62
181 128
32 133
60 183
46 137
28 76
126 171
34 101
190 144
136 157
23 141
42 52
30 13
148 55
197 2
51 73
146 12
167 30
28 17
176 140
149 44
145 200
130 102
66 118
130 136
173 195
30 152
20 189
179 127
153 167
125 3
187 183
174 66
10 21
77 34
54 159
153 149
173 179
4 136
119 162
9 136
50 67
8 53
200 197
70 75
52 120
170 63
3 48
51 195
91 196
114 52
80 33
181 171
55 6
13 59
97 76
21 147
123 1
90 53
61 44
156 168
175 40
130 148
51 98
55 100
38 60
128 86
88 141
102 39
110 153
26 193
153 97
93 163
35 18
182 29
80 108
73 85
76 159
93 159
52 107
79 198
68 161
6 196
4 135
52 69
178 101
154 60
65 38
70 112
73 124
123 197
122 155
193 10
93 24
43 58
153 101
50 9
90 26
171 166
193 30
143 178
84 180
79 35
84 61
23 31
88 100
49 197
159 137
113 110
167 114
69 125
123 115
199 148
54 92
64 191
172 106
92 2
125 106
154 175
152 50
70 45
138 83
130 191
2 42
175 129
87 1
48 79
76 66
193 76
101 65
1 23
26 145
16 135
55 143
136 131
149 73
81 19
139 187
40 196
72 47
153 48
97 134
18 132
23 173
109 199
147 79
16 188
190 7
23 72
115 48
78 141
28 116
192 85
75 104
32 107
6 46
161 126
160 145
26 12
52 47
62 110
77 4
160 193
145 113
73 169
12 114
33 151
79 91
137 21
34 46
94 192
59 99
145 76
60 20
175 157
135 116
64 197
36 89
34 25
13 38
11 86
183 38
186 4
84 169
130 51
174 162
148 181
11 92
9 22
37 186
24 176
7 79
162 136
107 73
16 51
23 19
31 191
153 98
145 64
95 175
84 16
19 102
47 14
26 75
172 102
119 82
166 11
165 1
14 36
19 100
167 116
16 61
74 37
124 46
53 14
145 135
88 98
189 72
189 199
76 83
140 1
170 190
187 103
34 2
55 176
178 99
117 17
182 77
79 182
200 186
139 29
118 116
113 20
113 190
39 131
8 132
136 31
132 87
69 85
14 40
173 161
14 73
142 54
20 42
26 65
141 40
129 26
168 180
146 194
2 153
158 30
182 59
125 141
11 56
94 200
162 46
159 65
9 153
23 167
113 193
27 199
151 32
108 181
30 90
81 22
122 33
49 87
193 27
74 185
65 41
190 35
89 132
77 87
186 133
151 126
123 101
1 174
177 103
47 197
100 173
125 136
52 61
31 17
75 6
188 154
115 148
108 193
27 171
128 108
10 31
90 6
42 76
135 192
34 150
108 11
9 114
162 96
145 30
121 151
190 12
200 46
23 86
124 26
44 190
137 193
147 122
198 25
94 134
131 19
43 40
111 187
111 66
146 193
199 97
190 45
13 113
109 177
197 121
173 28
122 73
152 101
42 196
46 193
171 124
32 136
122 133
168 62
89 172
61 133
38 161
133 136
121 112
5 38
151 41
54 21
173 84
168 27
13 161
104 44
79 162
28 8
96 171
16 142
5 9
33 3
77 105
89 25
135 84
37 115
164 13
63 177
45 1
69 39
182 190
22 92
28 121
158 181
17 175
127 71
193 130
88 49
32 150
143 64
181 120
1 188
85 65
60 190
46 178
145 17
123 25
89 147
153 127
150 155
127 132
78 149
116 82
49 79
86 177
198 46
65 74
159 180
140 161
169 120
150 38
52 117
88 74
90 74
184 10
3 96
123 31
119 66
62 55
27 67
47 98
155 87
157 74
143 177
63 106
192 79
178 40
19 24
73 117
25 5
102 114
188 118
182 31
153 126
142 24
181 58
58 93
19 135
53 126
57 25
163 91
187 64
109 96
133 104
151 118
174 145
137 173
44 192
159 10
151 22
154 61
125 120
49 135
3 145
93 106
34 138
75 118
19 30
110 126
190 140
36 161
42 39
142 120
16 93
21 113
151 154
110 143
24 81
111 164
57 41
21 170
183 10
9 98
11 69
129 33
81 155
97 178
112 24
192 80
158 147
6 83
172 175
133 126
177 179
102 184
190 125
32 177
122 131
78 143
165 106
68 38
111 194
99 199
79 110
192 197
17 88
103 117
15 41
127 81
51 48
150 22
32 95
152 90
197 108
163 76
139 76
177 122
154 120
44 156
96 21
5 133
110 156
100 16
27 194
142 97
55 67
182 58
151 115
2 135
125 85
108 126
27 145
110 157
138 178
23 133
58 112
37 62
59 153
190 116
178 39
25 169
99 7
104 157
17 116
124 36
72 129
16 60
115 96
178 30
168 143
148 82
189 90
18 3
138 54
140 180
18 184
29 161
45 104
3 7
73 32
18 85
153 192
117 145
80 40
28 100
180 92
9 189
181 41
137 104
58 48
46 10
12 123
156 49
175 181
29 41
199 22
138 131
155 175
171 76
154 105
36 153
126 13
16 48
76 16
65 126
164 10
146 124
111 100
133 98
64 38
87 30
134 128
183 15
129 154
196 81
77 60
163 75
123 92
85 129
5 104
171 155
157 35
106 24
120 11
107 72
4 183
187 195
66 162
12 55
32 26
26 55
128 4
78 197
60 145
84 126
154 101
19 183
49 142
68 173
116 36
110 147
153 63
128 94
22 109
125 94
75 165
119 177
86 157
198 91
190 77
64 25
194 75
173 51
126 68
192 172
161 34
69 172
141 54
30 66
26 49
140 12
144 115
127 88
193 140
17 1
188 183
181 5
77 71
5 75
93 25
163 12
116 103
148 152
9 43
189 198
14 181
80 60
77 153
173 14
116 5
14 74
83 75
22 57
50 120
188 77
118 76
113 32
124 64
101 161
162 80
177 57
10 157
104 112
69 95
83 173
191 93
179 23
100 94
9 99
75 80
194 33
127 3
33 17
182 19
129 16
161 20
115 142
24 194
176 196
199 108
142 162
164 150
92 82
162 188
58 46
76 35
98 171
10 14
184 83
105 49
143 179
47 1
127 16
106 114
131 150
158 67
84 112
93 142
165 134
165 137
146 21
26 154
47 175
83 183
173 3
37 84
60 44
54 114
125 162
12 16
171 174
81 186
80 125
118 4
3 79
154 181
88 65
174 180
157 60
160 171
59 65
147 93
137 166
138 103
138 144
67 106
102 25
77 33
90 63
156 72
141 176
38 83
185 25
73 164
116 22
16 23
123 94
104 122
30 192
168 99
3 141
33 104
129 76
12 167
198 49
167 122
114 177
41 195
151 142
149 87
7 161
94 63
2 81
186 53
36 102
53 81
12 32
20 27
192 70
75 31
150 87
16 86
155 144
60 50
41 93
151 165
162 137
158 148
65 109
194 197
6 53
153 155
6 139
130 109
192 86
92 36
66 99
113 44
18 95
181 9
191 59
59 57
89 71
114 199
24 125
114 170
117 183
22 33
146 142
186 24
8 115
77 138
195 156
40 130
91 144
62 3
86 148
154 169
4 41
16 154
24 70
142 18
168 92
140 184
112 94
182 178
11 60
178 4
173 55
108 62
136 40
134 82
161 102
87 60
146 188
29 117
69 114
12 196
18 79
18 39
90 1
154 45
158 95
86 83
40 46
26 2
149 180
168 191
50 59
21 63
5 83
195 181
22 60
22 11
160 191
193 173
98 157
184 53
115 145
164 114
118 57
126 12
154 73
159 82
79 153
138 52
81 17
38 22
181 140
152 154
55 154
195 112
84 134
189 121
152 27
181 163
93 108
115 175
70 23
116 105
45 66
97 62
109 164
170 160
36 69
179 144
9 142
191 69
173 10
187 120
144 137
95 81
28 169
55 58
170 142
65 2
19 193
143 135
120 77
104 170
51 132
171 48
22 137
58 4
10 92
196 172
28 55
83 3
140 93
26 87
24 34
141 61
33 111
74 137
43 165
138 134
1 124
89 155
64 148
157 21
176 161
44 87
157 18
164 155
6 153
36 98
2 6
82 99
162 147
176 149
47 140
85 197
120 134
67 157
164 67
72 6
34 142
194 192
173 95
60 196
30 68
126 160
72 192
108 130
115 92
192 59
108 184
175 195
1 24
106 197
37 177
154 25
129 136
58 110
185 175
95 200
135 52
42 78
71 173
175 89
79 98
86 151
155 58
117 46
84 90
167 94
195 164
17 43
161 14
61 107
12 151
93 160
76 120
45 195
169 56
24 130
136 109
8 4
158 65
122 83
125 110
54 155
105 149
87 48
8 122
43 104
190 63
174 8
93 137
83 88
93 176
100 166
22 121
168 81
179 3
35 14
3 105
139 192
64 47
109 26
195 105
108 162
55 166
112 97
91 96
60 7
197 109
107 31
36 32
151 171
110 39
93 131
36 66
166 82
16 121
188 94
21 165
90 5
188 192
79 179
68 76
184 47
1 149
38 47
68 111
20 25
138 69
176 116
29 168
92 139
198 153
176 131
3 109
122 91
190 117
108 53
190 3
46 83
92 24
57 129
45 135
197 156
117 66
35 59
125 172
157 178
50 32
67 160
63 143
32 90
124 108
61 168
183 185
103 175
188 90
16 43
83 198
137 47
47 39
159 60
7 89
179 157
90 10
61 11
47 65
156 118
3 91
173 41
12 110
35 16
157 36
92 4
122 44
175 18
141 123
112 57
148 42
116 9
145 105
54 61
187 177
1 154
166 173
108 144
54 96
67 8
158 43
109 137
171 61
26 184
132 76
128 122
43 77
177 36
54 183
10 72
9 101
195 86
60 152
196 2
144 74
3 20
45 61
190 142
33 35
20 37
13 31
200 65
188 97
114 30
111 142
61 109
69 54
84 182
64 127
155 188
184 68
52 118
147 20
31 97
129 161
158 136
105 38
104 136
106 50
75 153
33 66
121 109
128 152
66 18
46 5
13 147
39 180
149 133
148 142
162 109
48 72
182 81
155 43
57 98
75 77
24 17
153 187
28 156
1 53
41 185
123 190
100 182
29 79
67 5
46 149
30 82
141 129
74 97
155 63
64 79
58 34
67 22
184 131
31 70
20 90
70 196
181 75
167 186
65 93
171 157
60 36
59 2
105 109
78 36
29 189
181 71
133 75
115 159
74 93
184 187
107 34
177 56
6 16
164 84
108 149
13 90
37 3
19 34
111 40
76 81
140 156
158 68
125 75
65 56
199 185
175 31
129 55
79 82
169 181
87 138
135 161
55 168
191 188
159 12
79 193
144 5
30 175
78 74
116 197
66 102
12 58
134 77
117 175
146 94
163 35
135 38
14 17
167 56
26 11
35 122
12 8
139 11
48 196
107 60
180 75
183 69
17 47
167 160
41 138
109 46
54 16
52 38
191 105
144 41
47 119
3 111
128 89
195 162
112 30
178 145
99 176
152 52
106 160
62 134
56 156
63 7
198 155
37 1
72 28
161 158
34 71
90 86
165 117
30 99
75 114
39 86
148 179
82 61
170 144
154 87
156 13
28 108
187 108
141 21
144 158
160 158
104 121
102 56
32 165
190 64
31 162
44 30
116 27
46 144
68 54
44 185
12 3
152 77
127 185
7 126
188 70
24 46
165 99
183 177
158 199
114 11
183 57
23 164
122 43
55 39
185 105
171 86
106 12
32 80
20 5
95 103
21 5
87 157
3 17
2 174
122 160
163 66
3 51
98 56
120 116
111 141
163 137
29 75
77 194
120 184
110 194
118 135
103 144
42 179
98 94
150 127
34 72
120 94
130 182
36 117
199 8
31 118
100 194
130 11
11 180
25 105
83 151
86 115
194 135
59 34
61 142
99 127
191 100
112 154
64 15
38 144
64 195
193 72
55 193
113 64
25 186
102 143
93 109
132 152
182 150
144 105
135 158
131 15
164 125
107 74
130 76
56 51
90 186
126 200
147 87
34 88
143 15
22 168
7 169
55 104
163 24
140 41
144 76
124 130
103 111
101 151
99 58
70 122
144 39
191 125
41 108
1 185
32 47
62 141
148 12
4 11
55 159
111 159
167 176
122 159
30 159
85 67
71 35
200 26
145 188
93 161
107 71
7 108
104 172
182 149
185 107
182 73
32 86
65 9
91 145
180 134
148 58
125 9
58 159
152 189
124 188
11 118
3 45
48 71
189 17
23 77
3 199
153 177
142 92
143 106
130 59
60 118
79 155
104 57
126 28
61 111
178 176
75 185
34 93
174 119
68 53
54 139
157 141
179 54
60 117
145 35
17 151
137 26
198 74
70 154
197 90
191 18
115 1
157 148
159 49
62 19
90 150
183 130
113 164
148 43
128 123
140 178
139 83
46 158
191 19
54 126
94 196
132 137
43 23
79 46
45 40
100 126
145 99
132 196
52 149
126 123
76 91
193 11
6 91
18 104
107 1
138 198
103 176
182 75
17 99
105 188
111 177
127 12
159 8
8 50
10 68
84 155
52 179
178 118
36 72
155 64
22 157
103 85
45 69
195 30
149 35
162 123
112 114
73 41
151 65
62 83
86 200
97 7
67 84
133 55
5 193
172 197
85 169
79 100
136 166
17 9
164 29
190 139
166 176
89 141
77 73
40 153
27 8
84 89
116 58
143 199
116 60
36 74
156 193
191 75
125 102
14 146
85 57
1 19
49 19
139 149
50 58
125 185
35 110
139 22
96 63
172 85
162 65
105 98
13 87
136 143
188 57
144 112
175 152
132 37
196 185
67 15
177 34
11 173
101 24
96 45
96 89
192 166
80 98
142 130
146 79
70 5
103 132
117 65
100 134
127 60
8 46
181 72
125 101
176 67
104 127
180 12
133 192
186 64
164 69
166 45
169 57
159 194
84 60
134 88
156 173
37 63
149 83
5 96
141 163
24 18
125 42
141 31
111 32
26 35
102 82
114 43
49 77
13 34
47 4
148 48
70 167
55 139
105 96
190 93
9 75
197 50
94 103
193 189
196 20
199 34
186 148
54 194
18 181
97 141
52 36
178 124
69 122
22 29
106 38
166 164
51 99
185 56
57 192
84 92
116 90
177 8
182 101
11 76
29 99
19 32
177 160
118 140
183 109
163 161
23 175
172 90
41 171
114 5
70 27
93 186
88 110
74 118
86 181
151 119
66 96
15 83
187 15
29 17
196 15
46 176
15 176
120 37
128 67
63 126
131 32
121 125
93 139
116 54
7 142
10 29
49 13
26 98
19 170
7 11
30 166
94 81
171 154
147 59
21 68
129 59
105 168
104 119
28 60
4 42
59 94
186 146
193 159
81 181
176 168
62 74
90 155
133 60
70 180
72 79
43 177
168 86
38 192
43 193
120 66
67 134
115 16
113 175
168 164
8 156
161 85
113 18
46 29
106 133
97 191
55 27
88 67
44 130
67 130
166 21
78 140
168 42
23 59
89 52
15 89
158 101
132 58
198 178
190 138
18 124
67 72
81 144
61 5
20 146
151 177
110 91
96 83
133 9
114 77
21 105
145 138
150 198
169 83
158 4
12 5
197 129
160 110
38 138
83 52
99 81
150 3
18 194
200 69
102 117
99 94
48 134
114 166
145 75
110 96
50 74
151 149
132 193
174 140
131 114
52 65
122 41
151 199
141 80
182 53
100 160
96 153
49 38
107 41
22 156
73 179
98 12
197 115
117 59
11 145
173 57
30 70
32 162
187 144
160 141
146 11
89 75
81 188
6 165
63 134
9 178
59 75
173 125
91 147
133 179
98 134
146 2
67 174
113 149
117 7
91 12
7 171
5 125
175 66
49 94
131 70
32 193
13 165
90 175
180 144
64 114
138 23
41 64
189 31
152 65
117 19
88 44
193 86
58 25
183 40
90 120
187 140
175 137
124 68
115 19
198 39
174 6
154 49
157 61
164 89
65 143
13 150
106 118
18 161
43 144
168 13
72 92
81 174
125 92
44 193
68 101
194 107
59 167
119 157
17 41
137 59
193 135
68 33
105 48
27 62
53 96
93 61
194 94
119 193
174 139
164 144
82 10
74 86
5 27
99 44
111 13
145 198
136 169
151 6
197 139
125 47
146 70
32 191
76 19
73 159
120 7
35 48
76 149
2 73
79 101
121 39
14 137
29 56
36 75
190 99
174 87
115 125
184 75
134 96
138 10
86 134
151 76
114 109
100 35
121 145
150 81
130 113
198 69
59 132
69 32
46 143
148 18
103 151
106 92
122 184
79 133
30 128
145 184
167 99
73 96
82 109
29 170
34 179
22 88
143 159
92 103
112 183
93 188
4 95
184 7
82 144
173 180
56 149
25 181
165 86
85 156
125 139
194 140
120 79
134 198
177 11
188 11
30 120
175 35
142 123
68 131
41 146
167 110
39 158
129 159
9 108
157 63
2 94
58 21
38 25
153 23
26 76
151 124
101 115
193 144
74 23
20 4
182 54
26 57
147 101
43 111
69 58
93 95
138 140
102 167
185 173
152 186
108 14
131 197
153 169
141 22
132 94
88 79
54 91
32 118
28 19
61 68
52 73
152 176
167 95
49 175
13 39
104 46
108 5
70 117
11 182
154 114
113 54
19 175
12 99
127 85
91 159
110 177
48 157
82 192
21 143
83 100
59 149
146 100
37 124
71 67
64 69
48 7
102 14
173 27
47 198
88 200
52 64
77 129
158 37
81 96
95 110
130 117
150 172
158 36
59 187
127 111
46 43
148 4
10 192
191 196
190 50
186 173
95 176
131 34
61 113
137 143
65 181
108 57
40 7
180 118
6 49
78 111
95 169
65 187
63 52
17 75
86 46
166 70
95 127
110 164
13 93
191 55
126 95
68 45
167 175
193 112
200 23
35 62
62 100
165 116
169 200
77 57
12 102
44 133
176 199
114 46
104 32
62 194
139 25
74 163
2 131
185 11
24 151
136 69
190 197
133 148
16 10
122 197
125 36
187 165
169 9
156 18
166 151
137 196
166 17
68 8
139 72
9 174
82 70
188 177
54 144
104 52
18 106
172 126
139 51
104 41
48 42
155 192
200 34
12 173
145 43
192 173
100 98
65 193
44 107
117 159
176 2
176 71
41 5
62 15
62 193
133 123
138 127
70 186
87 158
173 146
160 78
22 114
154 142
94 199
1 136
180 41
62 139
155 180
23 102
21 168
12 170
83 36
117 144
140 132
182 185
8 175
139 136
196 30
32 114
58 162
43 4
35 196
140 39
100 183
168 154
104 83
69 169
101 10
172 60
80 96
63 148
83 174
53 23
50 182
164 124
69 86
102 175
9 15
11 64
115 166
40 72
124 182
174 22
192 66
103 180
101 98
49 21
156 61
142 70
151 111
169 6
104 152
43 146
127 164
110 115
30 149
46 169
181 198
191 71
151 16
9 138
169 188
191 170
19 104
123 80
181 143
6 73
195 111
40 71
144 134
154 95
78 95
102 28
21 164
131 118
87 62
38 6
194 32
64 128
48 191
41 45
188 100
81 71
126 97
92 151
155 30
152 35
86 20
36 132
167 194
21 14
147 75
178 195
18 145
148 124
123 7
73 110
159 4
127 182
139 53
92 3
190 184
59 127
184 1
6 66
7 167
48 132
90 122
125 88
93 175
184 35
111 117
124 62
182 156
41 59
102 165
189 55
153 188
136 76
99 24
68 199
159 27
33 170
180 57
143 51
142 167
135 71
163 3
193 96
3 171
56 166
48 131
104 175
152 47
12 133
86 166
49 103
106 80
136 53
171 43
88 186
92 149
52 56
155 141
117 23
43 139
150 56
94 190
167 17
167 39
178 110
98 161
6 126
73 50
90 151
200 52
121 62
115 43
41 33
10 168
8 84
90 34
60 96
160 43
85 90
6 60
192 64
145 8
39 163
146 185
80 147
98 14
119 72
8 21
31 186
193 179
99 79
186 113
200 6
38 53
169 42
159 175
4 153
190 55
85 9
76 54
187 198
108 69
67 148
43 26
122 36
84 165
92 110
73 56
177 131
109 6
148 36
157 95
25 116
32 199
179 136
146 31
16 65
74 168
155 160
100 42
143 111
143 86
2 72
2 112
37 51
21 154
97 172
84 57
174 44
31 54
151 78
133 18
138 6
177 31
77 178
22 94
41 24
114 15
49 102
72 7
46 56
32 30
47 123
74 102
198 3
151 108
123 77
113 126
164 116
53 144
20 114
7 138
180 119
77 39
77 56
64 180
108 74
10 59
92 188
116 168
4 151
51 163
111 105
50 174
163 85
123 71
71 116
97 110
197 181
109 83
34 172
144 23
11 51
148 182
140 144
178 28
132 200
123 100
25 49
45 42
37 24
121 100
193 63
11 38
166 117
2 179
195 90
176 112
153 68
161 123
190 169
134 87
12 7
200 64
61 4
71 128
68 72
85 71
108 90
125 161
144 118
61 193
199 35
15 149
42 117
190 53
114 27
26 45
63 78
115 131
165 129
21 135
120 112
56 44
193 8
158 16
18 88
11 85
175 73
9 197
82 7
1 175
75 79
19 185
177 72
171 38
6 98
143 190
120 137
66 112
36 4
175 128
118 175
107 155
102 124
73 172
153 58
136 181
64 140
119 101
159 63
175 132
104 61
152 149
45 27
72 165
4 137
43 28
24 76
132 49
39 84
71 56
185 153
132 1
173 143
56 155
197 61
186 150
151 113
7 101
70 96
86 41
116 107
94 197
113 136
9 109
160 127
160 42
191 14
174 68
64 94
158 54
121 169
123 163
17 108
49 112
136 10
52 119
51 24
65 128
113 70
13 158
152 29
139 67
171 134
177 120
147 163
31 159
58 126
153 99
176 120
8 55
174 108
36 167
186 85
95 123
167 89
154 190
175 164
7 134
147 38
190 83
98 147
159 11
139 40
72 78
178 78
47 107
121 127
66 28
81 43
3 181
14 2
152 111
31 163
113 123
94 76
84 20
116 155
63 173
20 156
93 14
168 45
117 110
191 43
114 95
141 71
34 193
4 70
195 144
47 76
164 171
191 189
46 166
155 131
64 72
41 167
1 85
48 165
97 72
51 18
88 35
85 122
112 43
2 124
46 71
65 67
152 6
25 167
136 172
158 21
179 65
49 162
56 5
69 6
197 1
23 154
76 95
51 4
188 129
40 92
166 144
113 163
16 140
54 125
83 81
89 95
21 48
53 100
25 94
167 14
10 122
81 177
96 185
164 2
114 157
120 174
195 199
195 32
111 140
13 187
138 192
41 69
63 189
141 135
126 150
178 106
99 77
62 140
137 142
103 38
27 154
24 74
70 73
191 157
177 126
147 189
9 104
42 124
74 92
163 135
150 78
112 187
81 187
98 45
110 169
149 26
95 12
22 120
141 122
87 130
175 98
173 183
8 70
97 59
56 172
6 19
60 199
159 97
114 169
82 143
92 95
130 18
112 44
189 38
108 73
87 40
194 90
109 181
168 163
109 142
160 79
139 104
122 82
149 33
199 147
137 97
58 91
122 164
12 160
100 33
108 21
161 95
42 37
32 8
184 41
103 31
46 4
168 174
48 109
49 177
31 59
96 142
127 118
25 120
82 187
168 132
12 63
168 162
200 93
159 142
115 189
119 81
68 164
95 68
66 140
183 68
99 124
98 37
102 122
198 8
172 161
100 162
177 152
174 104
86 167
143 45
179 59
28 92
36 180
8 47
158 177
139 126
117 22
151 120
143 165
132 172
10 100
63 120
79 14
198 120
163 112
120 158
47 61
187 26
10 2
45 174
178 21
169 100
26 83
106 145
63 112
153 64
196 114
130 174
120 149
181 147
71 165
81 158
5 190
162 3
108 169
195 125
56 90
190 158
42 54
172 200
143 115
158 168
87 197
150 161
56 187
126 147
199 78
198 27
35 158
128 17
143 19
195 168
170 153
100 163
1 11
8 178
70 11
153 93
12 89
66 194
165 121
149 171
51 21
191 1
145 88
89 143
122 172
11 75
7 172
160 150
135 177
143 189
112 175
19 192
15 147
52 170
74 54
154 94
170 132
73 144
109 111
146 10
134 160
33 44
64 61
115 183
26 72
93 91
189 42
179 150
63 141
46 145
52 166
146 183
64 82
61 192
64 156
106 164
169 1
131 129
124 12
74 80
110 85
7 159
62 47
103 169
34 110
103 52
124 39
1 112
164 134
182 70
112 18
157 94
104 20
197 59
100 119
64 31
17 156
60 141
76 195
31 46
173 67
72 149
46 76
12 121
43 76
133 120
60 189
90 109
200 91
70 156
183 111
129 178
71 36
102 147
94 51
85 3
172 154
88 96
6 106
136 124
181 89
36 21
180 148
143 103
146 93
44 173
115 164
126 166
178 90
103 14
81 176
194 169
20 80
153 67
104 108
70 62
74 48
93 134
134 74
69 148
186 47
108 139
91 192
99 101
76 58
100 49
9 172
128 49
197 22
21 29
73 82
48 39
119 123
182 160
157 145
79 130
49 107
135 173
67 165
28 41
188 134
2 44
40 182
144 7
132 27
35 113
82 16
34 106
148 173
184 101
132 155
102 116
125 29
80 188
68 99
147 114
164 47
170 6
105 13
74 186
26 67
38 58
21 16
179 10
127 154
81 23
166 158
100 193
150 116
48 88
161 118
142 169
127 109
129 42
158 150
76 135
89 162
30 38
66 86
192 107
195 100
60 105
7 124
67 40
51 126
102 6
137 161
82 114
58 149
20 31
18 68
131 199
12 122
91 82
87 131
96 140
109 17
113 125
6 42
128 78
200 14
22 164
111 84
106 193
31 8
36 29
43 183
14 182
125 40
156 33
94 198
186 59
5 150
48 127
158 146
157 11
97 46
46 23
131 63
43 1
124 190
11 49
71 74
187 168
181 69
90 161
75 196
161 84
64 81
191 200
27 190
107 5
146 30
124 41
43 141
59 125
108 3
143 141
99 118
129 15
106 100
68 156
157 16
37 95
53 200
69 150
108 84
32 11
40 179
178 134
105 68
67 86
80 34
154 52
56 47
77 175
77 122
197 141
194 171
195 186
137 65
104 72
120 42
66 80
175 124
141 5
163 178
172 113
155 23
67 183
86 145
2 167
26 20
161 67
44 176
52 99
65 35
41 10
39 72
109 178
120 51
75 72
165 120
181 26
169 67
139 143
62 44
181 17
38 124
119 84
37 60
159 110
168 2
195 33
69 40
179 107
153 80
8 137
164 92
47 96
76 88
65 170
146 155
103 178
191 54
99 170
162 38
102 15
19 33
199 49
124 109
37 46
180 61
11 161
122 52
46 151
114 153
108 79
135 130
159 102
190 6
186 7
59 159
161 155
180 71
111 81
188 156
102 131
7 112
158 96
19 55
98 143
80 136
179 5
49 42
38 59
174 4
73 183
26 22
79 176
83 19
95 43
83 182
75 81
140 11
98 90
107 133
189 78
182 116
106 75
61 90
91 155
44 91
5 122
182 143
79 172
186 177
23 51
70 110
1 22
107 64
116 74
29 165
182 152
61 150
196 194
18 44
33 124
176 163
84 31
130 179
110 140
152 69
125 128
53 60
92 19
11 88
44 74
139 113
200 57
118 72
97 42
44 23
147 81
108 140
188 39
95 153
198 16
164 50
39 36
90 125
76 32
11 74
72 55
133 92
42 119
57 91
86 2
9 110
139 21
83 1
102 11
119 127
100 102
79 10
119 4
113 121
140 26
70 184
140 85
22 138
14 145
73 112
103 184
48 121
153 94
63 27
42 170
11 128
174 163
196 5
60 198
122 165
75 90
10 73
63 71
137 92
185 141
185 72
51 142
132 136
115 76
16 28
8 133
42 163
178 154
32 84
55 92
51 38
112 122
55 155
110 199
87 171
183 34
155 42
31 3
54 19
199 139
144 67
151 110
169 128
107 46
20 24
45 110
36 103
2 74
146 138
110 17
141 196
43 5
159 61
30 27
160 189
195 190
113 111
1 117
54 198
61 106
33 16
38 99
33 49
151 45
172 165
53 194
98 156
125 146
115 7
24 147
15 103
130 122
141 107
35 169
115 42
99 128
172 31
189 83
126 32
33 9
128 20
159 69
29 159
160 10
108 111
82 86
128 75
103 157
76 57
132 85
127 167
129 199
5 85
59 86
158 48
39 33
27 150
122 135
41 35
107 2
90 76
62 33
160 33
182 131
89 24
75 52
41 85
164 61
162 92
141 41
122 182
34 176
52 7
186 114
33 6
179 192
69 91
2 25
104 179
89 199
114 81
53 20
198 99
95 101
6 100
109 98
121 21
64 194
138 162
47 9
85 52
160 137
197 57
22 2
61 144
53 160
104 15
147 72
113 131
119 175
169 159
97 52
83 199
194 74
101 66
177 163
159 66
114 133
177 27
180 200
30 197
169 88
13 104
171 100
42 90
126 74
164 37
78 124
86 160
51 84
128 90
131 121
99 23
178 36
152 79
47 120
111 131
93 5
127 165
69 16
13 71
105 153
174 56
92 37
142 4
144 25
139 124
47 182
46 161
149 19
165 130
22 148
129 96
88 60
131 180
119 181
136 66
124 58
32 179
32 155
137 52
168 83
133 183
148 74
56 27
32 53
177 121
17 100
117 119
199 140
13 22
25 135
115 157
200 164
121 63
7 177
49 93
180 78
27 68
152 162
176 96
69 124
144 146
147 105
134 115
49 137
23 73
119 6
48 60
60 29
101 83
38 36
58 175
56 200
43 57
189 65
191 42
122 142
1 15
140 61
162 45
125 163
156 83
80 167
165 42
107 137
57 23
160 92
158 89
149 106
144 183
109 196
171 125
33 40
125 194
61 100
114 74
196 115
92 29
61 105
80 160
71 47
88 61
175 169
8 77
14 29
68 137
5 131
88 121
56 17
48 10
167 126
158 169
55 83
194 6
174 147
178 166
162 64
195 166
154 17
136 94
133 153
187 159
47 200
109 165
28 34
113 16
46 128
177 71
50 115
117 193
194 132
53 102
18 152
168 190
193 198
76 182
92 147
1 10
20 121
133 112
184 147
50 2
170 134
151 19
104 118
114 83
36 25
128 132
52 66
37 61
77 89
35 30
86 84
187 163
68 87
30 26
61 74
54 148
24 124
2 79
3 117
81 173
102 163
15 174
13 2
40 129
132 139
5 24
135 75
186 155
183 16
143 68
61 161
24 82
185 26
151 182
140 113
81 84
107 89
198 154
117 49
22 78
45 167
70 65
155 52
138 175
8 48
38 111
140 80
167 136
108 29
135 152
191 161
150 125
145 66
49 80
149 100
11 87
8 49
102 113
138 187
107 157
140 120
157 57
127 191
186 82
105 86
131 54
164 103
77 44
99 140
145 37
78 133
73 146
177 68
175 42
185 92
104 58
21 67
24 114
72 18
139 155
47 149
198 148
163 81
54 193
179 24
106 162
98 182
48 189
150 99
22 155
118 114
63 16
121 52
118 43
34 95
50 126
17 179
17 25
73 35
181 110
136 61
171 128
71 122
10 114
11 67
53 143
93 101
115 126
9 45
79 39
148 146
120 159
150 200
132 50
95 72
118 20
112 38
28 89
135 112
37 56
36 170
176 173
22 35
146 114
100 45
175 71
2 28
28 26
128 141
133 159
100 72
110 42
143 18
176 65
22 37
57 167
172 108
4 85
75 14
11 78
180 129
41 81
151 54
191 120
103 105
9 24
134 45
108 50
173 31
59 15
9 74
25 188
141 77
82 113
172 86
77 128
51 62
46 99
11 71
11 122
200 121
31 80
14 69
6 78
85 102
3 1
179 121
54 32
165 81
103 87
98 93
152 196
32 117
174 24
98 168
166 12
14 180
153 109
198 31
166 131
44 28
109 156
57 50
119 149
195 119
153 20
182 66
21 144
166 142
174 92
61 22
117 170
99 26
12 96
144 90
27 174
77 93
77 84
181 24
83 197
135 167
170 14
199 75
166 26
134 56
165 138
91 10
127 189
154 62
45 99
25 136
197 130
122 181
58 198
121 137
6 175
17 183
32 134
128 106
15 58
90 45
51 36
35 27
59 156
5 37
139 166
167 4
165 58
66 105
98 81
75 28
56 107
88 37
118 30
124 59
69 120
162 107
134 179
178 83
111 4
94 15
178 18
132 158
52 13
104 36
198 139
38 72
44 172
177 55
180 88
2 190
71 59
34 111
39 52
114 119
48 176
183 197
20 77
153 16
87 170
66 93
159 123
63 43
150 102
154 125
121 80
167 198
162 10
198 43
31 52
73 28
133 191
9 130
136 196
114 100
178 100
170 108
150 41
149 104
153 82
48 139
197 177
123 112
108 190
115 9
139 16
6 112
160 199
25 157
176 85
74 85
182 195
125 170
93 165
24 43
147 197
92 109
158 99
175 178
176 29
46 17
119 194
191 82
39 141
19 85
182 172
62 50
54 20
119 29
108 200
122 80
36 165
3 54
89 173
12 107
129 69
172 30
193 145
90 179
20 61
174 60
141 24
19 108
147 183
154 39
151 42
154 133
33 105
58 147
132 14
70 119
6 179
108 105
152 87
144 173
78 39
151 191
98 68
126 22
160 194
120 171
184 30
163 136
169 167
7 87
22 95
168 112
188 114
36 164
197 158
72 136
16 194
147 57
165 119
173 200
139 121
58 142
192 175
42 186
75 134
12 109
160 35
9 120
170 93
162 61
2 110
101 133
125 130
159 19
160 41
139 106
106 77
37 81
180 34
62 71
60 86
64 193
35 170
5 164
2 177
80 18
32 156
169 122
137 168
135 81
87 47
58 66
1 142
142 194
80 86
148 41
96 24
97 79
145 78
137 110
121 138
20 170
23 91
193 99
27 74
187 83
9 23
199 175
83 125
117 129
149 9
153 51
38 73
139 127
45 47
2 170
162 34
126 117
60 69
28 15
23 124
151 112
160 185
105 70
87 28
96 76
123 53
175 21
18 117
30 199
32 171
51 41
59 164
192 115
57 2
107 3
69 98
156 142
132 183
130 42
1 25
86 174
15 51
118 182
106 3
46 182
49 114
111 184
103 150
85 128
117 132
99 65
169 26
152 67
108 189
119 16
31 76
55 41
2 83
99 76
52 124
181 12
196 38
116 39
83 200
8 16
36 3
119 40
143 73
60 54
96 87
61 58
23 97
180 189
68 31
119 58
155 25
168 126
64 75
49 97
140 94
86 57
13 175
67 39
199 57
7 135
99 137
14 85
196 123
117 68
38 10
106 190
39 53
30 103
103 68
179 80
157 194
37 143
93 83
118 41
93 81
135 132
23 185
94 161
7 139
190 167
56 182
134 173
132 149
127 190
140 160
50 176
104 125
52 126
116 11
4 200
158 57
190 164
55 96
174 144
187 87
81 65
133 137
44 36
179 167
125 95
194 136
60 46
109 89
87 8
129 133
51 145
97 61
62 128
66 87
187 121
147 187
47 83
148 31
185 189
85 24
104 147
115 75
171 159
70 38
106 70
106 137
100 87
176 57
133 84
7 54
133 93
30 139
65 17
114 151
108 196
46 133
1 67
3 35
78 130
22 31
171 175
153 60
46 63
24 168
3 8
38 79
7 148
57 13
137 11
94 143
148 159
193 157
19 86
122 59
144 127
23 188
92 79
3 19
78 47
187 91
131 75
187 194
111 169
189 103
28 168
10 25
162 51
174 21
24 172
137 10
200 115
33 178
13 65
70 190
101 17
178 160
160 164
45 185
185 176
46 123
143 67
91 113
55 64
171 117
174 19
33 157
56 158
133 49
11 23
171 146
133 59
43 19
77 13
126 1
47 180
101 20
106 74
187 130
27 156
93 89
93 173
194 177
50 83
112 141
8 161
33 46
51 66
37 112
64 62
104 168
162 179
117 153
110 142
149 41
37 82
51 61
51 103
41 175
16 150
168 102
55 74
174 34
40 54
91 50
139 114
154 32
173 147
173 70
156 128
43 175
125 96
44 51
172 11
135 60
8 135
185 6
20 145
103 171
110 149
41 9
94 131
56 58
70 6
79 166
175 53
192 73
196 10
48 36
192 37
189 69
90 196
108 188
128 34
157 1
5 18
68 39
47 115
100 196
150 4
147 52
188 195
156 101
35 61
140 18
75 37
175 37
79 23
38 74
162 48
116 94
40 51
36 67
33 45
149 38
143 96
130 52
141 172
27 129
179 114
12 73
200 139
92 130
145 36
34 117
3 38
199 17
148 193
2 23
169 38
194 20
174 165
61 148
108 131
28 190
26 103
26 13
123 195
85 175
31 113
54 117
91 190
79 121
46 140
171 118
178 133
160 59
125 151
148 39
184 5
62 86
53 164
106 168
148 141
137 194
63 136
180 172
124 176
53 104
48 151
68 16
85 101
123 67
160 96
168 94
178 66
64 144
32 1
64 26
68 9
164 189
61 33
159 85
149 168
11 138
106 123
8 76
98 178
194 179
53 28
6 154
34 69
31 40
175 46
173 197
172 124
59 110
123 8
51 53
61 119
105 138
56 23
51 55
134 145
23 196
125 4
170 152
62 25
21 197
157 143
86 126
140 149
69 167
45 32
154 58
170 172
87 124
119 171
84 5
6 57
34 94
138 123
191 140
169 15
99 63
80 52
140 177
72 140
68 2
37 163
24 97
117 152
70 138
31 109
5 50
97 9
18 67
151 69
107 7
83 4
42 167
85 29
151 35
32 81
102 134
7 93
74 15
149 20
13 78
22 74
91 129
17 76
143 188
86 113
167 26
181 74
113 158
72 112
89 191
187 180
141 92
36 55
37 128
102 42
98 126
96 99
185 195
121 178
172 118
192 9
119 22
123 63
174 134
127 17
66 64
199 102
126 40
2 103
89 184
38 163
4 113
48 52
177 115
24 59
106 1
97 45
164 141
51 159
118 186
26 93
87 23
125 123
134 26
23 139
148 47
103 122
126 60
143 52
97 116
62 152
159 62
25 128
159 96
114 132
167 185
171 130
58 157
62 81
93 36
134 59
19 138
19 97
3 6
70 9
16 57
54 127
181 139
77 187
39 99
83 77
108 146
152 38
45 196
10 191
36 150
85 109
167 187
31 176
159 99
47 157
63 102
74 158
125 98
197 41
137 23
115 198
45 164
91 29
11 160
76 169
148 156
189 120
198 87
124 56
58 64
84 62
191 183
64 4
117 160
151 138
156 66
30 43
155 45
85 59
41 67
139 68
44 38
77 160
125 11
48 174
37 193
18 131
116 101
155 163
168 87
41 137
176 88
131 196
93 40
113 52
198 160
10 197
106 122
65 14
58 115
74 166
24 32
122 166
185 106
92 176
32 3
86 130
63 195
168 109
155 33
172 71
56 176
81 133
178 14
25 141
144 66
63 127
127 42
121 64
159 33
112 95
136 189
126 155
183 141
140 172
115 32
39 199
167 31
105 141
73 168
108 180
25 40
144 160
173 165
90 104
16 196
63 82
9 94
144 198
172 128
63 55
87 193
110 179
11 178
119 128
150 50
76 198
68 198
113 194
157 100
3 78
173 167
166 10
35 134
22 187
96 119
85 98
174 169
186 32
86 155
38 69
100 187
158 196
32 97
81 78
104 116
154 176
97 10
73 189
21 74
160 26
116 189
146 129
59 3
3 120
151 156
106 45
126 191
190 29
136 42
194 12
36 34
132 166
59 1
153 119
134 149
32 18
45 82
35 50
9 26
73 165
168 103
43 32
60 140
174 106
121 23
16 1
89 118
139 8
49 116
144 147
71 193
26 189
70 86
99 4
110 4
97 36
82 125
50 88
79 156
79 103
34 151
93 39
147 172
166 197
18 91
174 181
59 76
98 184
78 14
179 62
134 40
188 58
134 137
67 184
37 32
119 179
128 146
173 48
150 66
183 142
69 81
65 82
4 175
199 115
128 193
173 59
79 77
69 144
191 104
170 175
177 96
142 108
187 154
89 166
36 106
89 74
118 143
171 33
178 69
165 105
93 6
114 19
31 79
4 187
34 98
179 113
199 2
144 120
16 75
94 104
135 89
115 128
81 102
19 132
38 120
91 177
162 193
113 15
185 4
29 55
30 136
147 82
178 147
18 47
96 104
163 29
3 57
120 99
89 99
156 5
188 59
12 130
1 153
142 138
3 148
152 63
168 49
190 37
69 174
176 52
33 185
161 83
25 142
45 130
180 76
161 99
72 4
191 99
96 154
65 127
89 39
125 61
113 58
19 125
70 51
172 148
138 120
48 1
21 84
42 25
70 26
65 165
14 174
113 128
153 7
100 9
145 152
190 56
178 53
84 191
36 64
142 3
102 70
120 122
101 107
116 112
167 180
60 186
87 125
146 61
9 53
108 167
57 55
20 43
4 115
200 128
69 118
57 164
91 194
111 174
114 160
124 81
79 58
153 66
11 117
33 112
14 163
16 49
172 137
190 118
36 155
162 114
24 84
121 107
85 55
62 197
87 153
86 64
169 171
68 154
45 140
74 155
13 171
13 125
155 170
144 37
163 115
190 141
128 81
150 7
38 16
21 87
159 182
94 17
53 189
20 16
136 59
123 90
87 70
180 52
58 68
182 115
35 29
88 14
149 193
125 181
127 55
43 195
166 4
190 90
168 96
162 55
33 26
100 103
14 56
177 50
182 33
8 2
97 187
62 75
96 11
144 9
59 53
23 89
66 200
79 181
154 69
152 107
43 8
131 145
63 129
71 29
69 93
19 39
130 31
79 141
186 101
179 154
38 199
141 20
74 6
143 192
48 24
97 168
126 71
69 84
144 119
148 53
91 165
62 109
173 103
64 10
73 98
84 197
30 9
147 94
144 199
129 102
139 176
124 71
51 26
65 94
4 120
95 188
42 19
9 56
189 71
27 163
82 53
1 99
142 158
16 136
164 181
60 1
120 101
111 160
27 118
190 78
73 190
193 66
96 36
192 118
96 46
44 93
171 141
25 84
121 10
98 49
12 24
69 48
170 17
156 115
58 187
117 37
1 121
189 52
60 194
175 107
29 114
193 22
69 179
47 105
160 28
98 195
174 37
91 131
91 149
74 30
53 180
97 180
131 33
154 191
138 33
122 78
80 44
66 72
140 55
12 44
95 17
31 11
150 110
70 93
25 86
61 28
35 171
71 142
103 147
132 24
192 122
49 76
139 107
33 56
77 24
83 13
83 65
155 134
181 27
53 80
86 42
47 122
51 181
124 186
177 95
105 127
185 164
113 134
162 62
69 182
138 156
13 19
110 90
143 48
199 67
113 174
161 189
93 43
182 6
197 168
66 37
54 98
193 40
186 80
105 139
64 132
173 158
79 90
136 33
167 146
198 192
10 135
83 126
36 101
105 82
91 83
32 14
123 26
129 52
188 179
21 122
153 30
37 96
31 169
199 81
79 194
11 119
96 33
196 198
162 15
22 107
135 9
158 138
86 129
18 74
174 74
195 116
197 195
140 114
102 192
1 125
48 168
9 132
156 170
141 130
13 123
117 30
37 122
190 33
187 131
33 153
38 166
133 47
124 91
123 10
28 56
32 74
112 47
152 59
83 9
155 190
142 14
35 138
56 153
12 184
145 45
95 79
200 196
114 144
109 68
143 128
75 42
36 142
136 35
130 33
164 97
101 94
99 154
112 76
166 64
42 188
97 41
70 25
80 13
49 155
99 136
151 31
171 167
188 50
86 99
109 107
87 177
135 140
152 200
21 114
16 96
40 82
189 86
185 197
3 15
89 195
49 70
122 124
20 15
116 191
47 80
128 133
105 163
43 80
94 189
92 165
85 112
92 53
48 141
7 127
13 24
115 6
100 27
36 87
5 120
120 39
139 33
68 132
44 76
80 11
16 72
53 26
153 172
29 118
82 1
98 117
19 152
166 63
125 174
77 125
140 126
106 183
144 161
123 182
157 183
92 71
171 9
36 128
175 94
196 44
124 101
191 90
94 174
180 128
199 112
41 30
63 171
67 2
22 50
73 27
99 148
171 142
140 179
74 91
32 102
188 123
1 72
62 85
99 21
30 186
79 149
189 186
74 64
38 127
56 66
12 20
183 180
93 178
116 70
49 180
78 148
147 3
56 196
195 73
43 71
107 17
118 61
193 190
48 113
90 70
92 18
190 181
58 29
180 142
133 143
196 125
137 78
5 192
30 57
57 45
134 9
8 35
171 92
139 110
88 120
126 131
123 180
25 21
89 51
183 200
105 126
78 192
87 18
17 26
137 54
180 195
162 151
180 4
2 150
167 43
56 144
62 187
61 132
10 113
110 165
145 44
174 101
52 115
26 58
102 73
192 136
182 16
192 35
86 138
98 187
34 40
145 28
60 180
132 11
15 50
151 13
43 166
197 25
53 24
73 80
168 20
179 176
3 11
186 107
76 142
55 17
118 81
8 56
82 168
110 180
72 109
139 164
118 78
13 3
111 51
185 136
188 174
85 141
64 44
161 31
68 92
50 63
87 127
186 132
17 32
141 113
172 72
68 46
9 162
117 176
200 187
13 75
169 93
122 13
83 119
27 105
119 30
28 49
68 113
56 157
45 62
164 152
38 164
172 81
43 197
56 179
62 96
128 117
133 184
164 132
58 16
176 151
159 79
87 34
191 24
152 197
2 149
137 42
13 108
95 100
133 1
60 43
79 42
39 176
122 40
137 7
67 124
108 65
169 37
141 95
136 90
96 90
99 88
107 42
134 6
138 95
150 157
170 194
69 141
183 158
132 101
142 145
185 40
189 145
166 155
77 58
46 121
53 71
93 18
140 189
111 10
40 121
91 78
173 145
4 66
86 45
115 13
33 18
198 147
82 162
89 91
52 60
184 177
65 40
36 189
132 73
83 196
33 144
35 164
12 79
84 153
76 48
196 31
78 105
178 125
19 95
161 115
49 152
10 116
89 57
200 194
156 38
93 103
27 144
66 50
128 176
167 84
5 111
146 184
162 186
180 63
88 84
130 104
23 183
165 196
151 61
25 138
41 200
157 66
155 106
170 50
168 170
163 165
47 188
178 25
102 170
34 135
33 168
28 151
20 152
118 49
148 10
133 142
57 27
90 39
156 34
132 130
122 178
20 58
21 77
2 128
194 89
134 126
195 49
199 149
59 37
141 59
21 73
37 182
31 111
136 183
153 189
105 110
111 150
30 91
39 194
185 63
199 128
184 179
54 161
163 120
120 164
14 183
124 70
142 37
115 81
53 181
131 192
197 96
160 196
72 153
43 6
61 1
25 176
127 13
148 120
134 49
49 2
80 177
32 100
38 114
35 176
10 13
93 57
8 165
134 124
70 10
140 183
177 134
79 136
146 66
44 177
190 66
115 64
124 131
175 80
20 11
78 46
198 62
188 17
167 103
114 173
39 181
163 70
83 150
139 172
61 179
44 165
162 102
17 153
173 177
104 87
6 135
195 57
15 192
177 118
185 7
177 139
98 75
30 34
48 187
13 97
81 161
78 35
14 140
51 65
127 36
155 196
32 135
14 198
18 62
86 4
124 8
73 45
34 56
155 177
150 93
20 2
46 197
119 53
194 42
46 21
154 40
107 122
6 44
70 79
40 23
66 115
52 32
193 110
54 128
123 19
65 161
52 18
43 190
170 126
117 64
33 162
23 10
151 64
84 140
71 150
155 8
150 12
200 171
139 57
22 169
57 81
3 27
82 140
73 13
43 157
14 130
80 137
25 172
10 110
134 92
120 57
96 150
189 162
21 69
156 35
103 60
116 124
136 6
108 183
132 82
176 180
178 71
116 193
115 117
15 19
56 106
172 70
146 119
99 131
154 119
194 166
19 10
141 137
1 14
180 192
180 166
178 170
94 180
55 33
106 48
24 177
190 179
15 164
16 175
195 146
36 53
123 18
200 157
148 28
7 189
86 122
160 75
77 144
164 129
89 148
82 44
39 170
19 127
143 34
76 122
188 151
122 113
62 126
112 158
81 92
118 199
41 166
184 163
134 200
21 110
200 131
101 40
120 199
168 135
179 174
36 23
20 78
92 161
132 120
175 139
180 138
102 145
114 159
20 158
35 24
199 92
200 124
84 138
80 46
68 47
13 103
169 91
169 98
200 160
33 116
120 62
175 14
138 194
152 190
198 125
170 67
185 165
53 88
184 57
75 116
153 57
55 142
1 186
189 170
74 160
69 31
56 154
123 114
101 145
163 54
172 112
193 9
177 174
159 52
102 185
58 63
142 177
157 139
19 38
198 127
199 41
20 138
43 70
169 139
29 4
140 25
3 188
142 124
33 103
49 64
61 121
156 108
24 149
45 105
110 129
88 118
62 16
74 99
195 70
114 171
12 42
30 7
136 70
60 150
195 198
48 164
179 15
101 11
26 102
33 193
57 141
60 156
155 78
59 118
63 2
68 138
3 151
122 108
161 149
84 94
18 29
12 137
49 145
133 127
52 134
175 179
189 195
27 178
143 158
44 65
153 162
104 82
134 125
46 13
97 140
57 152
199 79
13 15
70 152
115 51
18 169
22 129
95 20
171 158
101 74
45 22
1 134
70 35
111 22
88 16
144 63
174 64
4 182
21 19
167 133
71 91
36 91
64 20
150 170
25 82
146 46
168 147
89 42
93 59
135 176
59 115
106 85
127 158
70 181
138 136
115 53
108 25
136 115
69 97
157 169
163 5
187 107
129 168
108 43
39 157
129 144
35 177
8 54
70 61
121 155
103 113
106 87
92 67
74 176
89 82
