350
1 2
2 3
3 4
4 5
5 6
6 7
7 8
8 9
9 10
10 11
11 12
12 13
13 14
14 15
15 16
16 17
17 18
18 19
19 20
20 21
21 22
22 23
23 24
24 25
25 26
26 27
27 28
28 29
29 30
30 31
31 32
32 33
33 34
34 35
35 36
36 37
37 38
38 39
39 40
40 41
41 42
42 43
43 44
44 45
45 46
46 47
47 48
48 49
49 50
50 51
51 52
52 53
53 54
54 55
55 56
56 57
57 58
58 59
59 60
60 61
61 62
62 63
63 64
64 65
65 66
66 67
67 68
68 69
69 70
70 71
71 72
72 73
73 74
74 75
75 76
76 77
77 78
78 79
79 80
80 81
81 82
82 83
83 84
84 85
85 86
86 87
87 88
88 89
89 90
90 91
91 92
92 93
93 94
94 95
95 96
96 97
97 98
98 99
99 100
100 101
101 102
102 103
103 104
104 105
105 106
106 107
107 108
108 109
109 110
110 111
111 112
112 113
113 114
114 115
115 116
116 117
117 118
118 119
119 120
120 121
121 122
122 123
123 124
124 125
125 126
126 127
127 128
128 129
129 130
130 131
131 132
132 133
133 134
134 135
135 136
136 137
137 138
138 139
139 140
140 141
141 142
142 143
143 144
144 145
145 146
146 147
147 148
148 149
149 150
150 151
151 152
152 153
153 154
154 155
155 156
156 157
157 158
158 159
159 160
160 161
161 162
162 163
163 164
164 165
165 166
166 167
167 168
168 169
169 170
170 171
171 172
172 173
173 174
174 175
175 176
176 177
177 178
178 179
179 180
180 181
181 182
182 183
183 184
184 185
185 186
186 187
187 188
188 189
189 190
190 191
191 192
192 193
193 194
194 195
195 196
196 197
197 198
198 199
199 200
200 201
201 202
202 203
203 204
204 205
205 206
206 207
207 208
208 209
209 210
210 211
211 212
212 213
213 214
214 215
215 216
216 217
217 218
218 219
219 220
220 221
221 222
222 223
223 224
224 225
225 226
226 227
227 228
228 229
229 230
230 231
231 232
232 233
233 234
234 235
235 236
236 237
237 238
238 239
239 240
240 241
241 242
242 243
243 244
244 245
245 246
246 247
247 248
248 249
249 250
250 251
251 252
252 253
253 254
254 255
255 256
256 257
257 258
258 259
259 260
260 261
261 262
262 263
263 264
264 265
265 266
266 267
267 268
268 269
269 270
270 271
271 272
272 273
273 274
274 275
275 276
276 277
277 278
278 279
279 280
280 281
281 282
282 283
283 284
284 285
285 286
286 287
287 288
288 289
289 290
290 291
291 292
292 293
293 294
294 295
295 296
296 297
297 298
298 299
299 300
300 301
301 302
302 303
303 304
304 305
305 306
306 307
307 308
308 309
309 310
310 311
311 312
312 313
313 314
314 315
315 316
316 317
317 318
318 319
319 320
320 321
321 322
322 323
323 324
324 325
325 326
326 327
327 328
328 329
329 330
330 331
331 332
332 333
333 334
334 335
335 336
336 337
337 338
338 339
339 340
340 341
341 342
342 343
343 344
344 345
345 346
346 347
347 348
348 349
349 350
1 350
216 267
23 236
233 115
63 225
332 99
142 87
321 291
337 190
224 302
332 5
107 260
122 224
323 172
321 149
349 346
227 73
98 348
59 39
153 78
259 327
331 35
185 138
311 174
92 311
34 47
117 344
144 98
6 4
316 22
26 278
118 142
2 259
189 244
326 104
234 294
139 286
181 117
186 175
300 35
207 194
153 32
290 174
158 17
148 71
17 93
104 146
185 120
48 29
45 286
99 149
300 248
131 53
206 268
169 149
266 317
196 11
164 175
80 342
290 219
101 61
267 249
225 278
44 120
123 54
350 3
192 220
133 187
19 207
225 223
215 343
140 218
99 168
266 192
38 89
83 42
163 232
230 228
341 153
169 11
130 32
142 2
143 81
239 217
193 181
96 171
142 290
129 11
56 322
184 207
323 26
265 105
341 82
232 2
93 265
273 219
269 226
123 225
157 198
290 202
182 80
297 87
134 335
249 57
81 91
318 97
335 120
173 87
82 237
207 59
345 151
297 338
254 282
239 21
293 193
318 10
325 231
93 55
248 227
8 43
189 261
257 340
65 308
143 203
252 343
162 290
299 227
145 29
158 16
291 192
121 81
33 343
114 263
12 55
204 136
62 65
305 122
273 202
26 345
286 58
269 329
244 218
98 135
131 205
94 189
167 150
278 71
60 82
121 262
312 331
219 35
37 171
166 238
67 314
163 37
68 147
95 119
102 321
214 254
278 350
241 302
254 345
5 346
39 148
273 58
189 294
237 55
111 102
322 273
342 327
332 299
339 206
109 14
44 13
279 302
47 209
212 70
29 348
154 322
64 158
188 207
88 335
314 78
297 75
340 179
263 269
96 83
161 219
13 5
132 293
76 25
230 133
173 134
128 183
233 155
140 161
280 172
69 1
219 77
64 41
344 212
124 121
294 145
122 151
20 297
258 167
166 297
337 37
177 170
37 20
106 258
185 22
115 139
72 75
197 194
66 298
339 143
310 49
21 76
63 335
196 152
106 25
40 248
101 260
305 228
258 174
138 316
170 205
65 210
332 310
99 344
75 343
292 311
253 259
232 94
19 292
43 61
17 19
96 329
242 270
341 272
92 198
159 189
226 22
312 318
31 275
105 217
206 253
187 256
315 195
177 217
259 157
250 31
78 97
234 285
325 327
213 203
168 346
179 135
257 216
245 146
268 318
109 82
154 302
106 175
207 250
322 184
305 341
100 3
271 103
263 223
189 81
60 243
317 215
255 182
247 166
289 203
288 146
113 347
146 294
32 161
307 113
193 59
280 317
154 72
50 35
74 348
139 290
49 317
134 124
89 95
153 305
32 84
279 276
69 95
146 221
340 295
206 196
208 127
88 75
93 156
338 319
319 43
139 302
94 243
176 47
76 22
116 289
179 65
35 74
223 40
35 164
260 323
309 248
343 158
3 158
330 24
272 71
54 322
20 10
24 93
300 118
194 335
168 304
86 114
154 151
202 185
55 153
283 263
249 241
118 216
312 50
27 18
234 262
7 17
172 285
327 69
238 161
129 80
26 249
44 313
174 116
254 286
173 319
2 120
200 299
306 292
279 208
41 85
119 117
74 278
307 139
95 206
206 79
333 312
329 249
208 346
160 292
224 192
260 275
1 124
89 249
323 166
337 11
333 143
110 262
303 142
279 200
174 340
199 276
281 209
217 301
19 179
128 336
97 216
46 162
107 81
201 159
188 247
119 229
203 320
101 2
239 110
255 215
79 237
17 21
323 248
32 182
249 296
42 171
228 78
180 43
6 90
254 36
8 235
224 250
142 182
136 341
337 151
146 139
248 176
334 248
224 44
342 41
147 65
247 181
57 261
288 209
242 307
38 249
133 294
98 264
230 95
97 301
41 167
63 86
144 10
340 1
304 238
282 10
45 143
52 73
147 315
27 242
49 154
12 259
34 67
271 233
52 136
345 144
171 339
296 9
48 201
80 285
63 338
141 340
126 232
175 145
162 267
249 148
235 178
34 24
207 55
140 169
219 298
92 12
14 84
39 23
168 21
42 153
99 54
173 156
134 200
267 190
250 238
306 115
192 175
232 332
163 2
4 311
36 64
269 33
13 61
154 172
61 219
208 38
168 293
140 340
278 185
138 337
167 128
55 239
93 242
151 113
197 128
178 32
229 145
58 43
217 52
17 83
292 271
233 44
96 278
76 42
94 114
154 41
304 57
320 280
212 308
335 191
309 239
328 57
149 292
226 322
335 35
188 184
21 49
316 3
65 88
210 146
216 223
283 310
190 76
318 215
44 196
82 47
270 198
176 68
66 300
177 162
268 172
91 156
164 140
8 290
340 41
268 216
107 120
117 129
111 235
126 248
286 67
263 306
219 7
251 29
298 302
165 67
126 228
286 9
31 180
103 33
127 102
151 251
147 37
237 240
229 341
232 183
325 273
256 337
217 296
76 316
329 292
256 175
259 321
87 159
291 162
6 285
320 165
252 94
185 248
261 140
230 113
63 200
50 287
229 260
336 226
210 36
194 247
140 153
303 230
191 129
86 238
172 46
90 283
75 166
129 254
245 295
306 185
21 92
272 309
252 291
60 58
90 225
17 302
19 285
349 163
168 28
212 152
155 146
94 337
134 153
98 206
205 249
119 295
41 261
100 341
259 10
65 196
229 129
302 68
271 214
108 82
29 209
39 92
186 33
128 148
39 101
203 337
267 70
137 246
55 139
35 106
179 105
181 63
322 213
130 282
159 62
35 31
228 174
213 77
338 125
125 55
344 155
301 221
52 303
155 214
20 171
245 300
205 201
116 292
92 130
213 131
56 40
303 182
280 6
135 29
42 298
206 122
80 27
343 145
337 17
80 161
296 33
19 177
110 38
238 72
260 199
248 97
324 130
22 267
175 350
308 230
274 278
8 210
212 226
209 285
136 59
340 305
29 349
173 15
112 124
343 176
321 280
151 159
329 242
307 23
128 93
49 181
234 192
38 104
311 286
167 77
43 30
13 63
201 225
36 339
87 222
218 312
162 217
32 226
73 337
39 85
58 10
218 7
134 315
87 90
89 116
46 236
147 122
350 107
246 149
282 315
51 69
28 206
38 176
219 252
232 248
167 148
326 201
190 232
173 249
5 237
272 226
135 241
146 265
339 119
162 241
206 330
253 326
141 205
119 305
92 167
210 264
241 236
294 207
164 258
227 208
216 185
293 140
224 189
275 37
275 90
13 325
53 276
113 115
11 38
297 326
126 110
242 258
342 55
216 115
146 239
311 343
310 197
260 335
209 279
256 50
46 164
142 138
137 250
127 187
152 105
87 121
147 60
175 318
293 124
328 90
186 97
170 254
215 230
193 91
334 331
245 56
111 174
180 245
37 207
4 35
344 62
286 18
71 293
146 295
199 143
226 71
293 7
259 18
262 283
124 82
1 121
192 98
246 23
171 255
288 114
81 166
320 331
270 336
178 100
18 193
300 96
248 124
10 336
294 217
212 276
318 314
247 334
241 325
271 245
126 193
336 332
256 251
144 191
104 21
248 146
74 70
235 217
223 59
64 18
306 160
317 89
5 45
79 229
348 96
179 341
35 334
114 177
346 318
40 140
66 281
53 154
312 83
99 87
94 76
17 42
35 14
83 279
135 344
232 124
14 174
302 255
308 124
332 19
277 4
274 88
77 243
255 317
12 142
7 343
123 146
281 243
258 225
110 175
134 235
159 225
108 112
188 16
194 329
96 13
307 11
10 2
236 253
21 340
217 131
165 14
167 70
261 154
209 58
44 34
178 81
230 327
334 37
60 101
281 186
225 14
185 311
57 220
113 244
268 228
35 141
113 196
127 16
151 199
6 232
64 117
112 268
311 348
108 214
161 132
305 217
44 63
153 295
40 59
315 191
229 179
215 258
319 269
78 329
336 240
175 277
210 62
83 308
29 117
97 94
203 205
225 310
315 110
189 327
106 343
296 31
66 123
152 282
189 20
113 81
336 47
108 226
15 302
70 45
296 161
259 83
205 315
287 235
342 207
12 200
100 212
104 238
194 95
97 128
344 205
8 56
71 19
149 181
337 318
73 320
39 332
299 208
157 250
324 29
296 276
133 75
202 237
106 207
173 63
149 38
167 298
249 10
77 36
69 324
3 28
14 51
81 220
88 9
71 142
269 286
200 247
91 341
10 254
269 35
348 269
147 279
309 119
292 253
145 50
217 256
22 339
201 137
88 162
229 305
298 84
349 65
31 144
68 284
75 251
320 65
337 122
37 8
186 205
295 94
216 342
105 26
107 50
254 270
71 129
16 267
213 251
230 40
77 251
341 314
194 208
201 261
21 39
210 321
288 135
322 127
120 169
1 119
44 230
33 110
54 301
17 155
2 63
277 174
293 192
43 281
1 305
111 233
318 225
53 275
181 97
323 167
333 52
133 94
207 239
9 344
28 252
9 25
49 156
72 249
126 234
44 88
49 124
206 90
142 88
110 107
110 161
310 281
93 198
240 254
71 39
275 81
38 55
324 7
286 125
320 160
216 281
269 8
319 146
108 328
5 217
195 193
244 22
251 266
77 239
319 125
27 210
198 229
28 218
177 245
127 57
71 166
60 332
179 156
188 3
94 240
305 114
39 255
189 259
117 16
325 156
146 330
291 59
236 95
307 163
266 13
15 180
246 168
197 149
199 184
46 228
146 344
313 90
9 36
139 278
70 343
334 130
320 140
148 204
115 307
214 217
335 64
261 20
182 39
72 1
201 254
42 209
102 268
232 290
165 11
82 240
218 257
66 208
328 60
229 274
136 262
223 169
201 25
56 176
163 139
265 289
283 84
347 122
221 304
260 236
105 13
189 213
142 123
209 311
17 194
305 235
203 223
213 115
119 281
252 76
248 213
145 207
289 106
281 200
93 188
24 174
254 44
291 172
74 161
322 205
309 184
93 300
166 211
194 73
300 215
256 230
319 100
58 323
113 312
38 265
284 161
220 100
140 107
271 113
268 38
218 44
275 145
206 185
1 218
168 87
104 35
34 335
48 293
28 51
89 125
304 164
29 72
103 155
158 117
115 41
304 294
231 119
169 190
5 172
238 46
237 247
182 240
54 90
127 302
111 148
293 344
335 339
329 121
84 47
316 179
137 150
87 160
173 270
256 5
115 122
228 80
121 252
57 36
342 310
305 25
262 212
87 151
178 151
190 316
131 211
216 119
293 14
74 265
63 112
275 41
25 254
140 144
171 189
118 223
25 115
220 290
349 347
119 154
131 220
347 23
33 79
306 192
265 44
13 239
35 250
346 86
9 125
130 237
319 265
278 151
86 225
275 208
193 74
59 96
346 27
4 116
280 148
41 104
223 24
64 77
171 191
237 125
258 72
54 262
149 309
39 78
250 290
174 266
202 136
274 314
192 273
140 200
108 296
102 86
123 103
153 246
283 28
214 179
164 294
152 67
101 64
201 52
85 239
125 304
346 195
344 122
264 57
142 188
3 62
17 325
245 8
142 128
109 287
136 162
197 290
67 246
54 13
177 327
93 184
30 167
68 315
45 166
334 340
28 89
142 256
2 177
245 49
261 350
47 239
86 153
107 210
138 304
141 338
277 7
28 314
276 344
12 287
235 187
64 12
54 244
215 286
20 61
22 1
165 289
103 184
297 336
240 53
92 79
13 76
223 213
19 260
73 42
58 2
341 68
62 55
106 132
290 80
16 121
289 346
50 177
254 83
123 346
137 4
106 33
251 168
54 272
288 123
51 284
14 235
324 177
104 344
342 301
119 210
200 88
160 80
186 286
338 148
245 292
242 126
130 284
309 323
11 254
70 231
199 31
343 109
218 108
213 309
94 81
221 271
317 325
12 195
303 17
248 29
113 257
70 186
45 322
153 145
154 117
67 111
84 56
67 166
8 192
79 344
190 157
28 145
96 318
212 125
225 21
65 295
189 319
109 153
102 161
339 229
129 61
209 277
180 115
280 255
246 334
102 214
242 1
265 141
329 348
245 263
110 39
183 157
87 91
105 84
250 87
337 242
28 177
314 64
74 144
266 125
291 254
235 199
115 218
261 76
263 212
133 198
189 149
57 280
44 24
11 217
88 258
83 258
241 231
307 274
20 274
275 23
297 273
300 249
224 138
5 134
228 302
89 98
135 285
184 153
132 36
40 84
108 146
80 298
312 123
258 189
285 236
55 79
307 176
207 267
256 269
177 151
196 176
80 330
163 16
286 147
124 137
297 17
9 84
16 308
237 203
164 111
273 100
317 12
230 14
56 268
208 94
274 216
57 95
112 245
115 243
186 184
71 231
179 126
340 186
45 75
78 103
185 69
253 204
15 154
14 274
148 124
86 104
341 190
123 301
8 93
34 214
173 132
142 202
332 50
174 242
337 243
54 310
138 306
179 222
152 22
171 281
243 155
134 233
168 302
178 209
326 44
144 178
344 114
244 320
107 17
256 249
3 32
169 27
137 71
272 28
172 309
123 174
180 90
188 45
274 245
159 136
135 203
222 139
135 192
218 103
57 103
320 213
160 150
242 54
93 288
322 245
80 340
54 299
45 182
31 187
160 266
129 19
130 45
251 267
118 44
115 302
57 295
346 76
46 98
158 189
83 288
138 146
136 13
29 96
54 43
68 15
157 93
237 204
124 267
327 267
305 54
347 61
143 179
186 309
23 235
58 205
234 219
299 290
222 323
12 292
343 58
129 77
90 77
270 295
88 156
18 100
223 57
205 247
121 293
20 211
238 38
294 228
302 339
74 187
8 44
327 218
165 185
335 27
326 263
77 323
278 76
287 24
160 11
46 54
86 280
4 170
100 213
152 3
56 259
75 162
284 178
188 312
166 105
50 227
191 223
310 109
296 194
78 88
306 23
98 25
38 16
274 226
98 342
342 139
90 68
139 288
111 95
178 286
96 265
329 326
176 207
308 30
212 239
268 16
223 23
338 244
326 340
203 40
206 328
110 49
111 304
65 260
32 209
264 286
179 77
4 130
286 268
93 29
129 42
208 186
59 28
283 94
156 11
180 190
312 265
339 174
322 88
69 190
291 195
342 273
218 119
253 247
323 194
77 102
201 193
98 280
130 311
303 275
339 77
65 241
71 187
261 240
258 260
317 153
256 349
305 49
228 175
187 282
51 327
211 126
138 109
66 340
247 232
338 323
40 235
105 338
243 16
113 313
150 191
258 44
245 269
337 264
103 48
114 148
212 243
345 93
245 184
291 183
328 319
298 115
238 136
79 165
278 122
298 119
258 177
92 38
100 338
318 165
237 224
74 260
101 287
293 70
58 129
228 149
97 40
287 137
257 198
234 199
35 69
346 189
312 172
286 43
83 68
338 222
33 6
198 44
93 319
308 222
124 199
34 251
135 321
269 200
270 119
93 303
279 329
273 88
60 320
2 179
121 203
312 54
111 305
147 119
131 12
239 211
270 26
341 170
111 210
131 91
265 114
144 77
166 276
203 304
179 318
184 221
121 207
313 39
93 297
308 148
183 282
269 96
248 189
345 2
122 203
195 170
113 136
346 52
189 302
128 230
305 218
62 241
336 281
104 62
184 87
283 52
323 92
307 10
115 327
279 281
109 149
75 113
101 150
350 82
103 341
275 14
108 73
240 256
272 116
257 233
328 65
155 302
41 17
189 117
161 55
76 180
200 173
310 187
232 43
308 208
106 301
342 287
157 286
72 97
264 251
121 213
317 43
347 102
104 179
264 59
220 69
42 106
286 244
163 140
250 278
308 59
297 145
328 25
49 170
329 184
158 346
250 289
7 110
277 161
112 283
310 190
275 172
80 4
113 123
171 269
249 305
45 25
53 71
185 313
104 245
199 16
343 285
177 289
307 338
213 332
206 45
189 320
336 170
64 282
81 195
158 264
319 116
338 245
246 2
345 86
317 29
202 275
224 265
56 181
41 128
69 91
162 320
133 340
162 272
213 217
279 117
22 126
69 273
252 339
314 95
222 1
222 315
319 20
225 216
204 339
296 38
237 35
35 194
258 85
241 137
254 318
21 257
52 33
242 338
21 264
266 201
109 35
245 239
62 140
212 147
295 132
227 121
283 159
12 108
200 298
203 136
330 118
94 163
20 283
231 73
331 297
287 300
169 192
58 299
230 221
263 123
311 207
28 327
337 62
158 297
13 107
53 330
11 45
152 342
84 24
102 310
340 97
96 343
104 213
104 246
226 141
15 30
8 28
242 230
132 285
201 12
71 138
56 341
3 266
64 127
182 58
307 165
182 246
296 335
22 167
59 24
258 274
22 317
1 295
24 349
29 246
192 153
143 287
313 80
141 280
202 38
206 2
118 95
338 336
173 178
155 173
25 110
82 257
15 153
204 138
135 32
81 267
340 2
272 221
111 9
313 276
255 290
187 103
320 127
91 137
40 323
256 216
19 302
26 319
267 146
2 131
32 217
211 335
250 168
298 81
155 99
220 252
320 36
278 291
191 34
147 179
157 162
66 40
246 133
242 146
299 202
44 209
79 255
73 270
249 283
341 44
53 132
136 322
290 34
146 167
44 137
211 233
159 105
68 61
171 134
226 61
156 249
37 59
135 168
142 129
6 78
192 109
285 84
291 142
60 248
157 47
192 201
253 340
219 62
239 88
203 221
57 277
55 253
217 245
246 146
46 305
267 340
114 220
298 191
246 248
276 167
41 214
232 52
289 49
96 202
29 337
257 259
169 59
123 234
124 253
341 235
171 158
151 274
149 81
56 234
308 262
90 86
211 268
99 290
94 15
170 131
313 254
46 262
272 192
287 45
344 136
30 147
337 321
21 343
101 283
13 11
192 212
335 247
76 135
318 125
277 180
144 187
246 162
208 173
341 220
266 84
83 135
170 188
102 318
127 39
226 258
291 140
212 238
318 334
4 345
244 266
68 170
238 177
314 90
313 117
22 298
232 199
175 297
257 145
235 5
30 211
132 118
278 168
295 115
32 284
205 214
57 180
34 269
160 3
301 129
106 209
234 202
56 47
285 307
341 247
226 102
220 350
262 53
84 194
98 80
80 6
242 117
310 16
327 232
252 147
5 145
162 50
213 67
159 221
215 240
52 32
63 185
179 296
25 156
23 88
304 162
67 241
333 103
286 253
301 16
63 174
190 318
62 340
319 201
13 20
123 128
269 121
294 249
138 327
59 329
329 316
102 248
290 259
337 191
32 58
193 336
312 165
55 138
30 313
185 308
306 182
310 67
206 255
105 167
167 69
21 282
298 63
81 305
79 260
346 57
138 235
289 334
179 248
278 214
103 301
125 320
236 254
304 216
121 283
284 233
43 5
20 290
62 166
304 329
326 130
113 67
196 338
276 194
16 102
129 91
28 132
151 66
79 336
291 313
291 88
173 96
226 126
137 261
266 95
106 276
267 130
25 96
31 347
17 31
248 79
260 102
89 183
79 7
284 42
61 243
1 63
310 66
178 136
296 197
320 13
122 45
27 35
247 122
37 277
340 178
130 113
254 290
217 332
36 167
341 145
18 60
89 68
350 306
196 287
175 316
228 301
185 287
349 318
49 69
269 325
337 10
29 304
6 294
267 53
219 280
264 88
107 82
110 63
135 341
238 222
136 110
105 320
222 306
217 300
19 246
187 198
186 148
137 184
343 52
189 80
206 211
237 36
131 198
12 275
161 124
189 241
197 78
240 160
96 64
110 56
8 140
5 104
211 161
27 215
8 14
5 322
79 57
307 51
346 51
14 20
325 176
344 134
157 53
8 121
71 300
320 246
179 152
325 30
205 254
42 148
284 83
171 328
71 128
9 189
255 117
238 73
201 73
160 319
150 21
139 226
298 273
220 78
79 337
263 273
315 117
249 36
24 179
149 79
255 11
172 3
34 1
292 62
82 202
114 268
144 155
190 116
172 310
317 312
132 316
313 31
192 56
253 155
254 312
166 193
112 174
218 10
349 295
154 67
128 29
219 65
319 94
346 112
350 121
172 339
15 96
32 30
182 136
164 66
81 345
315 9
202 243
89 239
4 226
81 177
49 129
91 191
269 332
224 131
268 27
338 225
29 198
95 61
97 7
69 309
349 67
286 325
70 241
67 99
306 102
192 83
343 172
231 163
183 248
37 294
333 133
22 2
12 27
7 104
89 200
342 133
246 50
128 24
171 271
166 24
51 70
47 169
329 281
113 24
233 142
310 12
186 315
50 219
107 162
333 251
74 86
180 80
157 328
323 341
176 84
311 37
33 338
6 154
21 48
8 256
123 280
213 177
246 32
162 297
103 182
92 50
211 135
230 170
68 166
175 283
14 40
220 173
80 250
102 142
227 188
334 232
139 96
32 235
268 88
13 334
157 347
296 247
202 21
310 215
173 59
184 107
21 338
118 90
42 309
193 334
23 121
349 315
336 267
235 271
344 254
237 338
185 6
245 297
50 71
173 41
157 60
48 325
262 91
337 162
37 51
113 294
294 345
235 327
68 167
194 62
283 306
296 254
32 269
193 203
90 230
300 9
269 48
316 78
238 201
254 182
268 288
6 17
2 176
189 263
216 176
244 223
253 328
98 289
305 163
323 218
237 21
147 341
335 161
267 169
318 50
272 114
39 108
75 239
280 276
41 318
306 34
54 4
28 12
196 340
224 222
224 94
50 192
89 259
298 252
294 273
217 108
124 177
222 60
136 139
348 17
35 321
175 182
213 306
292 35
59 114
96 37
270 113
224 296
114 92
219 87
135 336
248 256
310 317
183 113
171 95
231 205
24 257
330 316
350 57
110 200
243 140
191 279
75 228
323 46
175 319
335 316
65 106
323 146
223 197
120 68
280 288
278 147
88 90
80 95
312 249
118 171
128 331
175 280
242 147
306 241
149 251
14 56
169 299
228 28
41 293
91 107
299 105
227 347
107 47
12 177
50 97
97 8
97 251
24 314
281 177
168 179
199 3
238 345
244 248
341 308
338 274
122 13
158 66
338 34
69 339
322 216
202 295
84 235
329 137
38 68
333 343
334 171
46 211
157 296
86 132
303 175
173 67
342 68
8 326
289 293
235 77
348 350
167 226
82 77
99 186
233 154
311 66
153 84
82 128
95 150
4 155
81 295
292 85
287 274
23 245
267 194
289 277
161 323
20 2
143 55
40 161
122 297
262 125
291 199
217 121
30 152
232 346
257 296
201 82
271 2
259 228
17 244
38 52
153 247
70 86
341 61
102 145
151 158
101 122
274 18
229 137
56 179
211 171
49 71
197 277
41 9
327 281
23 169
149 170
178 261
60 108
120 20
192 336
314 286
36 101
56 347
133 165
82 147
58 204
137 20
227 30
321 286
199 245
166 194
326 185
80 17
225 263
161 329
283 267
236 132
337 342
113 291
318 287
13 264
270 323
197 45
101 196
166 32
24 280
84 109
130 328
326 286
38 135
85 16
168 199
83 31
147 170
330 7
257 245
325 66
86 325
189 118
172 21
302 93
230 84
238 317
288 347
251 128
191 291
7 269
109 311
169 320
75 253
334 320
33 116
180 127
49 2
150 263
291 331
273 135
21 62
67 180
301 128
35 268
190 170
276 286
219 267
91 249
231 170
105 304
50 260
179 335
342 142
13 125
109 293
316 133
188 327
84 208
349 58
267 38
117 272
309 126
253 256
68 338
190 70
350 136
146 228
236 217
292 342
8 126
142 246
12 183
24 170
138 169
70 198
12 197
327 75
203 339
150 295
118 79
245 102
42 296
193 43
26 251
318 63
264 287
9 30
119 324
177 30
292 134
192 31
47 63
83 117
265 77
301 109
310 178
118 31
75 70
61 148
267 131
257 293
62 98
64 340
281 142
207 323
287 270
92 40
167 303
233 235
155 335
256 68
21 89
112 316
259 11
349 238
170 67
121 172
118 93
32 64
150 338
26 72
329 87
166 174
125 198
282 228
44 257
188 316
62 31
185 219
230 337
157 85
301 245
247 176
132 70
254 17
234 334
89 252
171 335
299 153
202 31
279 204
166 23
241 34
98 194
316 312
36 280
189 119
326 76
175 124
300 51
192 206
255 304
313 206
349 113
224 217
262 158
156 317
190 118
185 220
227 72
316 339
244 10
166 188
129 147
177 67
264 324
149 262
289 168
181 93
224 115
48 300
158 234
24 90
59 311
256 101
242 136
134 3
85 206
118 131
151 200
141 250
340 225
34 186
344 303
238 33
181 153
88 215
322 140
29 296
80 116
219 242
205 123
258 175
140 329
110 345
276 319
54 275
105 132
246 161
211 255
269 5
134 98
48 67
78 40
39 34
57 116
239 169
217 45
44 179
235 70
201 108
62 57
87 186
226 53
301 4
174 165
119 344
322 336
231 229
27 264
17 211
344 14
111 41
236 273
236 48
80 23
186 267
26 254
116 71
306 99
154 164
55 206
131 263
32 344
69 260
280 214
62 73
155 75
50 19
277 67
175 84
174 329
150 119
3 18
317 193
183 129
42 45
233 109
130 196
62 115
247 98
126 256
258 289
88 238
268 207
22 203
253 196
269 165
243 265
294 32
17 274
3 78
115 171
112 117
49 18
51 97
32 9
75 66
175 3
98 293
320 80
152 178
53 217
307 40
330 48
83 222
124 24
85 269
278 13
123 140
47 39
236 205
97 18
228 44
57 165
12 303
170 289
349 191
274 69
260 75
285 24
224 52
69 299
65 148
286 22
207 211
59 32
166 164
212 114
153 45
282 186
108 90
278 290
183 158
34 27
168 79
208 11
81 268
282 306
277 301
227 196
241 119
25 252
144 151
257 190
71 279
154 252
136 269
183 171
163 310
235 86
312 18
245 5
16 44
61 215
243 104
46 297
346 172
92 247
73 33
55 210
242 103
115 69
202 328
350 179
284 124
275 336
137 273
82 122
129 206
97 203
232 88
186 192
148 173
73 139
232 347
179 309
81 188
235 256
176 344
205 216
105 70
277 78
321 304
128 310
6 216
100 48
215 92
327 300
220 126
68 327
341 60
295 210
154 87
133 249
330 314
135 57
60 173
347 345
148 294
17 85
253 193
68 22
221 142
172 24
201 35
349 99
245 341
92 64
333 144
332 2
20 349
236 289
315 193
226 65
205 23
124 173
236 69
235 27
327 222
348 153
36 103
54 16
306 341
349 164
42 278
288 128
145 162
150 173
309 79
237 108
9 80
62 58
261 109
321 30
240 103
21 1
234 101
198 316
111 333
64 253
281 253
78 198
179 160
317 292
1 59
325 154
348 26
67 88
69 65
81 66
144 79
105 255
55 248
113 153
280 162
1 272
88 256
86 175
60 53
239 183
48 231
231 248
69 132
321 228
317 329
14 327
133 58
198 304
6 227
96 238
168 142
54 25
248 59
94 343
242 277
307 310
321 42
19 275
202 244
67 202
168 312
301 146
193 218
48 248
289 17
274 107
164 38
227 190
344 277
50 95
49 348
73 181
256 192
334 224
62 203
236 170
4 2
11 126
120 265
325 87
201 143
280 337
254 264
315 210
108 36
256 155
234 216
20 97
204 344
282 243
196 40
342 28
321 312
228 73
236 97
58 171
80 271
252 55
208 106
75 193
246 42
37 14
43 40
199 182
221 279
235 64
326 115
193 145
52 37
110 343
53 28
249 234
305 172
56 2
70 316
35 161
290 229
126 345
347 194
301 45
248 10
128 66
215 177
51 223
205 16
322 86
67 223
310 253
123 145
219 277
154 284
42 146
39 27
194 61
241 283
291 75
163 193
157 125
106 283
184 57
40 269
105 211
345 288
308 33
333 24
124 169
139 250
117 249
311 127
231 282
161 3
278 239
107 12
311 30
147 62
346 279
120 23
102 65
56 50
245 126
117 87
150 128
335 279
249 30
206 27
83 346
18 102
287 304
344 121
148 223
191 271
55 140
349 102
272 219
110 31
262 208
103 110
121 85
343 192
17 49
348 244
157 254
156 147
169 171
11 104
172 162
212 135
110 149
143 280
266 200
241 29
59 122
163 15
249 260
118 295
222 93
190 216
144 125
121 137
189 40
284 330
208 247
156 215
251 155
195 276
32 280
224 129
299 273
260 324
47 2
221 165
143 8
33 155
272 99
185 171
301 88
314 88
241 153
33 249
135 308
327 270
124 65
75 160
110 5
340 78
93 137
195 73
192 316
310 71
33 87
24 255
126 45
55 254
214 75
344 270
146 17
222 248
183 250
104 273
279 169
243 319
115 16
44 202
149 225
54 329
12 264
153 108
61 178
335 62
54 126
310 346
113 286
163 256
60 13
292 324
130 76
164 69
342 344
285 100
196 327
128 25
254 7
2 346
132 34
106 335
283 24
73 343
13 164
140 219
142 257
118 109
110 214
82 308
87 31
134 255
71 118
174 328
104 79
230 237
137 30
301 79
86 108
293 307
277 325
137 194
224 100
211 273
317 161
70 3
143 60
344 173
125 269
263 43
318 29
205 245
48 321
196 299
81 68
92 279
128 33
94 300
99 65
68 82
54 119
67 338
70 79
180 287
320 67
61 70
163 85
184 160
80 159
119 166
296 168
171 10
86 229
215 225
217 308
221 217
161 117
80 171
181 186
42 94
132 218
27 54
131 319
173 98
52 48
305 256
183 61
331 120
92 172
245 237
341 125
318 194
262 151
313 139
199 22
15 134
137 285
250 186
303 220
268 124
36 330
49 63
23 277
280 105
211 178
223 270
48 156
139 319
78 31
128 320
8 338
256 92
259 117
40 263
340 192
135 94
314 172
42 337
289 223
323 266
72 37
144 112
214 208
317 263
92 104
338 160
272 260
266 222
183 334
113 179
142 157
12 47
307 236
195 305
160 105
161 144
326 89
241 127
86 182
148 297
273 270
91 117
124 225
171 203
133 215
324 244
278 242
152 286
96 268
230 292
182 69
146 49
252 148
42 126
98 176
192 235
16 241
317 214
346 284
186 120
103 64
294 203
256 83
118 61
335 242
86 275
88 170
169 213
261 270
233 41
3 10
314 151
306 35
72 121
276 251
320 304
100 257
225 301
328 221
10 19
27 20
286 234
280 196
245 139
182 98
17 110
111 85
344 12
208 115
119 181
298 267
163 63
129 120
335 143
11 297
233 169
85 147
230 138
104 265
282 323
211 245
267 225
184 254
149 234
125 136
50 46
251 316
37 134
141 253
87 38
317 213
293 72
21 273
152 219
20 275
257 159
233 75
320 328
112 138
316 115
15 2
267 345
82 73
141 233
251 210
197 328
201 292
211 79
180 187
242 265
61 312
175 294
67 3
269 92
336 177
132 119
251 60
248 26
114 50
146 225
5 176
334 146
262 132
179 98
305 26
133 32
341 43
10 173
183 195
329 141
35 103
146 115
348 120
32 167
151 105
21 71
265 54
15 93
148 163
81 181
308 58
290 308
177 203
220 2
244 105
147 342
95 30
282 116
229 183
253 216
50 158
68 58
249 333
139 257
285 195
63 94
42 68
139 7
3 171
159 195
42 286
171 315
275 89
311 62
302 90
331 43
151 252
169 348
291 207
55 311
22 257
173 165
164 2
328 18
105 123
269 188
273 181
153 162
176 276
328 59
152 297
79 283
177 23
41 250
37 308
98 30
109 172
148 304
258 263
4 109
192 168
32 85
328 232
279 70
101 209
114 83
58 169
10 196
287 334
13 146
57 273
23 346
189 134
323 86
62 179
205 105
132 83
323 63
307 82
218 294
91 147
225 151
300 138
315 45
70 233
109 179
134 129
62 150
152 269
295 305
326 160
174 18
333 89
7 256
23 86
17 184
170 15
18 309
128 14
184 259
190 64
13 77
109 44
335 190
161 196
332 97
257 263
39 299
277 223
277 244
274 71
32 71
263 328
347 343
312 34
186 96
258 194
256 100
25 84
183 187
169 215
126 202
141 271
102 136
213 37
66 27
214 49
272 248
250 200
336 86
313 219
189 293
119 223
27 291
324 210
198 175
283 198
262 74
231 118
88 77
90 125
67 296
108 172
103 274
31 276
81 49
106 218
338 186
345 290
255 110
167 49
49 108
170 182
307 125
50 342
332 174
87 178
131 69
119 7
282 214
338 204
176 337
283 171
23 136
73 182
238 319
73 67
314 131
265 287
48 203
155 310
258 279
153 4
34 341
202 81
118 141
281 308
327 231
56 22
8 319
38 325
151 37
253 264
143 259
110 254
147 174
343 327
207 215
289 62
35 297
302 77
211 287
100 313
155 312
111 277
78 125
187 277
201 162
119 45
25 44
84 101
313 340
105 263
326 50
140 342
147 63
186 303
148 211
129 158
134 84
232 325
311 98
109 21
10 82
189 127
42 211
63 310
205 234
196 107
53 197
17 179
341 141
178 215
11 232
123 137
311 18
343 326
350 253
191 277
134 334
184 225
220 232
250 177
255 267
103 253
276 12
70 266
260 28
334 63
41 234
262 101
83 164
36 273
64 159
163 145
135 28
87 163
230 6
257 120
205 311
135 123
194 54
98 346
69 281
342 286
108 188
275 290
40 28
283 273
23 19
30 265
197 129
275 119
159 45
332 181
120 182
102 328
48 77
162 139
185 217
234 44
59 76
157 343
335 123
123 271
340 185
9 347
82 96
167 117
144 42
208 163
309 316
303 322
240 64
143 66
276 347
171 75
11 22
34 110
231 18
267 329
53 349
113 99
147 5
236 77
322 141
19 170
101 216
317 118
26 34
328 112
188 193
232 68
144 152
239 135
58 262
182 282
345 239
303 241
245 145
256 252
195 309
57 4
244 250
149 260
96 248
321 58
87 328
118 344
64 82
28 309
68 48
32 90
85 236
56 303
166 125
119 294
104 175
258 23
308 153
20 126
159 231
163 68
192 74
252 156
323 307
153 172
323 53
29 303
326 308
259 292
118 255
189 164
308 226
257 84
123 12
306 41
187 245
116 337
62 262
246 184
42 312
95 162
76 237
131 22
269 101
305 143
12 254
181 236
159 137
8 171
256 183
96 241
210 87
61 19
331 111
80 348
51 265
170 259
210 282
129 113
211 137
37 316
311 143
176 339
311 340
313 138
109 184
302 204
196 146
268 186
313 322
90 198
169 143
12 155
246 239
83 119
70 49
35 82
298 288
9 83
136 86
338 197
79 16
290 64
123 77
57 150
153 50
348 170
329 325
305 196
214 81
83 57
237 33
189 37
148 254
39 169
15 261
1 292
139 132
183 153
190 281
273 191
245 96
304 230
14 330
164 6
280 218
147 263
211 93
81 327
168 204
332 17
347 192
213 188
63 41
54 108
37 314
148 168
308 78
151 135
256 170
136 266
293 166
107 152
135 150
113 193
304 323
73 230
222 148
2 123
78 350
186 190
177 152
104 90
235 69
231 252
188 102
103 12
198 150
197 62
54 15
344 128
265 34
319 255
67 63
257 290
191 5
288 335
180 309
346 59
103 157
156 269
327 134
128 192
267 107
62 288
348 239
166 298
55 218
320 76
62 10
17 117
171 242
306 334
82 276
154 257
241 301
291 317
256 234
183 344
152 306
71 103
178 34
119 301
275 201
200 338
87 47
291 288
276 84
120 339
329 193
278 259
268 10
134 117
133 346
312 128
340 223
297 302
202 213
183 244
254 15
103 9
62 146
167 296
294 302
215 72
171 306
66 21
177 321
298 344
284 305
118 308
332 92
180 88
9 49
9 194
169 134
158 26
319 122
104 56
67 328
113 202
27 230
261 112
70 56
220 153
160 91
226 259
16 167
2 290
163 333
256 133
92 283
188 308
202 252
52 205
243 20
227 287
104 132
348 171
303 64
49 25
40 202
82 19
229 192
55 116
219 303
219 325
220 49
114 20
56 88
111 327
335 237
328 338
160 137
289 182
247 316
25 165
173 288
244 5
259 266
13 182
70 91
57 205
26 33
261 168
48 44
18 188
259 104
135 320
265 102
180 10
21 46
101 312
117 126
178 146
142 22
110 163
80 321
97 175
25 335
69 328
318 71
146 310
270 297
110 51
334 169
180 213
96 253
219 14
88 347
145 177
2 252
314 20
220 228
260 168
6 206
62 324
123 323
165 109
56 1
146 9
50 72
53 219
43 122
60 347
13 58
296 206
187 47
208 40
334 69
210 5
64 11
144 142
60 334
127 77
178 213
227 10
198 73
119 300
177 37
288 253
38 50
40 188
172 107
107 37
229 7
37 138
270 197
343 169
259 131
200 176
100 282
261 255
20 95
49 242
139 318
110 211
282 46
128 151
268 95
310 289
336 318
106 8
191 2
110 237
63 237
99 148
173 35
210 212
46 136
324 151
323 284
223 288
314 138
135 67
296 19
39 122
93 199
56 67
103 25
217 200
5 68
55 211
195 112
172 234
346 202
58 344
242 96
312 190
82 216
68 279
108 244
178 307
12 146
25 86
32 251
141 44
290 124
54 339
268 264
210 271
172 289
95 164
129 258
41 69
253 272
266 219
165 44
212 68
26 183
206 229
35 274
330 315
91 189
147 61
313 59
246 199
146 95
234 19
268 213
119 332
85 203
275 45
344 249
48 319
341 284
15 326
31 305
46 78
137 118
232 110
314 348
128 157
1 146
15 46
42 250
225 316
337 192
289 6
146 278
223 317
97 102
11 59
54 183
153 326
257 96
109 333
29 73
45 243
341 65
233 324
67 178
130 345
73 305
294 214
162 149
95 133
127 301
224 202
305 107
328 340
333 349
86 27
262 336
20 38
153 231
220 11
319 33
93 326
211 277
45 181
97 336
211 187
143 238
309 250
334 253
79 289
67 83
209 7
231 167
98 156
262 146
165 324
175 45
109 150
260 63
124 251
45 94
65 125
143 231
100 292
349 197
66 144
276 320
300 270
136 187
82 15
289 175
190 214
174 37
147 295
348 313
75 14
62 193
101 7
129 248
176 303
33 315
21 126
256 321
166 64
335 320
159 254
224 210
78 276
344 330
156 105
223 335
289 268
190 277
109 222
217 136
29 312
57 101
131 159
212 62
243 160
95 35
242 79
38 300
144 259
104 147
221 52
194 245
61 216
60 133
206 191
203 164
207 22
169 252
108 257
26 71
19 11
181 76
26 329
239 100
266 67
350 266
116 232
196 23
204 110
276 171
7 333
106 200
26 280
338 234
248 178
257 220
74 313
29 25
22 238
28 147
175 202
118 99
249 63
222 290
272 155
319 68
13 316
134 100
260 205
126 303
208 198
9 285
143 189
280 151
269 251
75 37
40 102
325 320
219 206
268 319
288 290
272 23
137 139
71 64
289 269
220 85
78 244
297 248
214 14
194 214
40 198
126 216
315 331
258 301
176 319
256 184
82 250
166 18
199 41
157 318
212 274
221 218
225 255
181 82
328 249
232 75
134 222
245 85
148 119
322 116
117 128
240 183
253 154
14 244
160 202
221 257
255 345
79 207
83 65
9 288
281 131
279 272
211 249
298 289
220 264
16 278
346 287
144 45
134 279
66 299
108 55
217 79
260 128
331 301
36 336
29 336
89 81
146 45
329 10
161 242
40 8
217 283
131 49
6 311
169 345
253 101
174 321
12 174
141 306
275 244
161 333
302 210
199 59
171 310
316 123
4 13
74 16
338 248
224 241
28 23
240 57
225 20
75 342
54 289
21 122
41 27
219 46
322 84
102 187
275 285
317 226
257 167
263 303
314 321
324 98
303 179
31 162
228 238
244 233
9 117
345 38
14 332
151 34
167 51
10 231
96 110
13 291
102 304
282 203
61 91
299 44
287 111
133 25
302 64
268 13
185 320
153 194
31 235
210 214
282 3
138 239
67 299
93 108
35 144
143 310
129 100
322 194
106 294
117 342
233 59
25 27
38 147
34 276
16 68
237 257
123 43
325 28
126 57
303 284
205 64
332 329
343 274
238 334
188 21
325 336
323 91
217 222
19 303
315 2
297 64
53 103
169 251
195 118
112 44
320 269
314 60
2 97
145 139
187 328
315 161
350 80
267 180
131 162
283 39
58 38
242 129
247 227
170 56
151 74
185 334
191 55
279 246
88 234
110 85
220 105
61 159
233 272
164 78
239 214
239 289
125 100
140 203
113 51
295 168
306 320
230 111
259 202
311 122
61 26
133 338
296 260
329 91
247 348
285 122
26 182
310 322
321 282
103 295
125 210
347 239
117 6
15 325
99 13
22 338
29 100
180 77
178 262
175 343
140 314
45 61
272 161
313 228
325 220
125 191
11 213
204 219
303 249
213 92
257 153
131 72
10 266
347 16
99 320
30 261
190 174
46 1
10 297
339 38
270 309
83 131
245 198
243 332
345 87
319 49
225 153
99 343
258 35
322 206
143 295
149 1
250 169
55 221
92 53
309 294
79 318
207 41
250 194
188 5
136 245
301 298
252 81
252 123
100 264
153 213
297 187
272 181
329 347
8 132
78 328
255 248
137 25
72 20
47 278
191 156
212 162
85 18
152 9
39 44
244 317
312 124
189 251
100 165
207 155
126 74
75 97
44 15
112 154
90 223
93 320
209 107
299 23
71 154
272 165
40 173
333 322
344 111
278 199
71 132
199 47
76 18
19 101
78 195
63 130
304 284
345 227
271 149
214 184
167 106
50 125
332 11
240 315
104 60
20 100
310 248
11 2
170 123
186 128
292 302
236 114
223 121
254 167
35 42
35 142
310 300
202 26
261 338
223 93
77 43
119 202
165 73
280 194
224 329
156 7
114 315
4 166
155 255
59 175
328 270
335 19
40 278
291 8
233 72
219 320
246 287
194 87
319 105
301 114
37 194
77 84
195 140
246 82
257 117
153 182
53 232
22 80
259 239
293 312
233 332
146 46
87 311
33 19
136 327
181 208
39 312
196 28
138 328
37 236
96 252
230 171
228 309
115 155
309 227
126 103
100 150
137 265
237 19
116 171
342 266
11 121
308 286
55 272
58 306
329 205
15 67
17 319
230 178
250 345
150 303
163 91
117 22
341 162
10 284
276 57
320 322
303 207
79 67
115 179
153 174
72 133
253 8
322 43
260 334
118 180
300 279
230 261
155 157
116 62
256 61
103 338
321 188
154 80
172 342
65 228
297 51
60 331
254 306
207 181
231 69
223 305
225 13
258 91
2 240
147 150
13 254
164 47
165 104
248 169
330 323
182 128
96 189
53 61
347 34
102 218
148 207
302 140
201 273
209 227
216 226
172 110
221 126
112 39
174 197
40 155
251 295
335 9
69 54
293 100
268 252
329 296
247 320
287 324
58 233
174 260
121 179
266 332
304 35
128 114
89 60
8 306
241 286
127 268
314 284
15 104
176 262
23 113
77 173
327 141
39 8
265 215
326 251
35 336
148 44
227 280
48 25
293 60
44 281
218 264
135 116
190 61
297 139
232 333
346 315
314 223
254 52
62 126
132 342
249 159
308 99
339 245
45 302
330 290
170 281
295 228
14 161
104 110
32 185
39 316
180 330
335 187
88 309
70 252
98 294
193 331
272 83
181 127
68 185
344 151
63 38
161 202
94 100
126 307
310 159
71 90
277 104
211 307
131 176
111 301
346 288
325 50
69 57
212 60
38 215
281 150
331 216
117 307
132 11
17 226
260 228
58 231
138 23
83 172
9 312
19 258
153 57
74 309
106 69
31 57
188 177
253 261
300 241
319 270
154 147
116 175
184 210
45 3
350 119
312 136
94 268
3 155
334 350
212 240
314 94
212 64
124 188
335 3
264 101
189 58
250 29
85 278
343 66
295 56
153 142
65 150
173 303
271 299
110 35
258 192
151 18
33 50
86 12
24 294
255 199
203 138
152 267
66 9
174 4
242 111
303 349
334 270
24 209
195 52
252 100
108 258
134 35
114 165
262 66
161 58
33 218
288 251
337 113
316 263
302 92
117 199
140 287
163 282
303 34
122 173
329 132
163 227
199 254
221 232
60 113
283 99
213 6
128 84
52 281
233 45
203 64
150 350
135 329
293 343
87 347
137 206
345 40
301 139
119 348
216 308
316 233
103 261
186 269
257 90
309 117
42 330
253 81
87 124
288 61
124 59
225 304
278 309
108 84
21 292
103 282
349 322
4 9
239 290
11 90
270 256
11 340
76 284
227 301
305 21
130 40
67 189
179 106
63 73
202 239
326 68
47 289
68 247
242 89
243 86
86 88
294 259
112 313
277 55
263 54
174 246
20 132
92 336
348 59
275 282
316 52
13 202
304 218
183 297
280 137
216 139
56 313
178 73
280 210
325 69
78 63
206 76
239 132
101 137
85 161
75 241
97 237
195 332
56 72
118 84
235 34
154 279
271 350
173 243
116 229
139 124
32 137
37 94
288 37
115 151
85 113
237 65
152 66
339 308
10 163
71 215
15 42
12 152
275 7
157 210
244 278
230 296
265 315
85 265
83 204
172 235
59 337
176 108
152 348
223 282
72 320
217 110
23 5
289 19
207 297
170 124
214 33
160 245
72 318
244 346
253 86
251 90
150 203
37 252
9 57
316 2
142 37
338 177
279 235
45 254
307 266
120 96
340 190
84 86
329 14
197 111
68 263
126 48
23 27
283 125
103 208
320 112
311 43
29 332
325 319
177 150
51 147
227 178
35 170
111 194
20 235
1 17
190 113
82 264
148 4
120 224
12 42
343 341
66 338
231 23
37 246
182 10
350 224
139 254
262 272
57 52
28 332
158 242
136 134
130 164
14 349
155 16
180 288
256 260
248 65
105 61
66 302
241 216
257 45
86 103
120 55
52 143
226 101
313 67
81 349
111 69
83 85
315 50
26 73
107 24
280 327
122 268
265 189
7 165
236 257
259 175
153 25
251 70
15 287
34 63
114 306
214 86
79 239
234 133
87 127
258 329
320 79
132 98
68 194
199 136
124 168
297 173
307 135
110 173
156 183
315 268
347 13
153 304
321 284
311 228
66 245
324 109
31 103
129 62
58 159
294 124
170 130
134 194
249 93
37 239
233 327
18 152
195 318
1 32
67 255
164 224
205 284
192 301
212 295
304 45
238 184
315 60
276 294
124 179
108 166
216 164
259 286
325 3
57 208
113 310
89 110
26 24
34 127
80 204
254 188
100 75
134 245
297 111
247 48
312 127
307 52
308 296
3 198
210 51
261 239
60 66
153 269
220 237
210 17
63 267
128 95
147 120
169 110
230 160
315 49
282 294
245 345
144 163
330 166
82 59
21 326
41 209
318 27
349 339
337 296
273 293
88 141
191 247
301 28
237 60
182 147
198 43
304 144
291 154
44 27
289 8
42 44
101 70
86 158
322 26
246 288
70 145
51 155
292 77
95 73
287 88
112 233
87 114
137 152
75 213
290 71
261 153
186 294
146 65
41 94
206 304
317 311
346 225
107 233
64 313
8 60
269 22
48 183
81 96
290 208
66 187
242 142
62 327
13 302
347 8
125 173
272 35
172 99
281 167
44 77
129 308
325 182
315 267
135 173
49 39
112 14
295 100
25 21
15 132
174 70
54 5
171 229
316 7
284 183
237 175
155 319
99 88
82 306
272 269
206 37
229 218
214 304
200 154
7 33
172 209
149 305
8 131
7 131
72 336
24 122
240 298
182 127
22 183
343 230
153 63
35 263
224 206
238 290
299 327
201 303
116 295
48 332
122 104
110 348
297 171
139 99
134 175
233 311
166 155
197 179
325 180
65 145
15 123
136 219
50 183
4 91
224 114
73 50
142 43
96 164
20 302
292 213
227 257
74 240
176 193
19 46
166 348
63 199
290 70
190 147
280 273
83 169
127 270
222 347
111 177
92 148
124 256
147 274
289 174
111 281
262 166
256 327
146 54
292 25
120 117
231 323
336 178
305 246
124 15
301 278
268 324
52 18
238 180
269 80
297 224
45 191
308 275
81 312
134 128
326 211
118 62
261 139
318 140
309 82
136 131
131 253
137 303
189 70
297 349
164 330
326 131
221 65
59 3
262 126
199 272
215 349
334 83
231 138
299 1
75 56
54 130
76 259
297 222
91 292
331 304
88 272
263 78
200 33
35 205
94 139
61 98
220 271
208 153
168 107
347 46
171 153
164 101
285 179
252 79
224 209
9 309
83 223
184 10
63 293
336 176
69 207
164 182
163 223
243 33
166 250
309 7
26 213
37 185
64 88
78 12
14 280
146 335
184 232
83 10
127 207
296 13
232 91
107 73
204 298
152 187
85 159
243 199
73 35
272 218
311 86
302 106
260 320
161 57
73 100
89 222
10 211
217 251
334 80
40 242
316 47
16 343
13 150
313 121
113 118
265 88
1 51
15 268
233 53
231 284
57 140
196 144
27 316
135 202
67 28
282 114
260 49
159 255
318 109
173 112
97 263
163 332
165 264
251 35
233 8
21 232
326 154
237 347
138 19
303 295
8 307
33 240
204 97
252 129
310 145
144 286
293 185
183 201
126 233
144 183
102 119
113 264
171 289
231 129
151 348
291 30
91 259
213 210
135 322
116 201
285 63
42 150
56 274
204 304
66 320
145 339
118 303
93 103
34 257
36 255
265 322
92 105
336 53
276 56
342 11
93 324
89 154
71 196
194 56
128 332
227 240
13 342
312 280
338 251
345 316
251 147
349 182
5 285
111 342
307 180
79 5
94 67
47 217
236 130
108 6
61 77
337 232
96 195
85 170
137 320
259 298
222 133
311 275
168 25
259 264
41 292
11 172
63 268
74 189
122 139
194 241
215 267
69 326
33 288
120 330
317 40
188 34
101 86
345 301
266 230
231 308
79 300
84 106
26 311
224 287
311 244
280 231
245 60
44 185
262 140
145 276
131 237
278 77
196 260
192 261
218 92
336 58
298 183
280 278
58 265
73 167
166 77
310 61
7 50
45 205
31 8
28 211
7 13
327 95
232 214
9 28
61 229
47 177
70 319
293 105
79 84
40 310
227 2
16 223
43 268
50 238
234 8
76 97
79 218
346 40
139 8
117 101
99 131
199 312
130 72
281 47
252 254
320 195
254 4
124 243
20 1
6 170
102 125
112 153
281 134
106 104
130 74
73 177
307 168
102 227
191 327
263 226
265 161
181 39
170 278
161 193
178 312
286 77
83 189
50 300
76 115
216 305
118 86
47 151
123 291
90 158
188 115
201 255
75 89
346 307
312 253
62 158
52 275
119 261
323 350
187 237
162 126
171 259
247 242
312 269
267 238
256 176
174 158
346 273
333 223
33 169
321 6
339 15
11 133
290 196
342 105
338 106
277 22
145 106
39 192
249 123
178 208
141 294
333 75
319 237
340 119
314 61
340 298
95 180
275 33
219 276
110 185
178 7
16 166
129 181
119 134
34 295
109 135
111 2
147 334
85 263
87 84
102 43
4 299
168 229
162 248
20 11
123 75
29 180
293 159
306 151
267 73
75 339
316 287
92 267
329 44
107 284
14 41
229 335
266 212
112 141
134 75
155 110
39 129
184 192
336 127
106 112
325 70
123 319
139 295
9 283
120 93
219 55
67 233
215 302
70 162
73 114
28 127
77 133
339 5
108 28
23 78
314 46
204 178
105 349
121 84
46 230
167 305
162 218
325 97
30 169
126 302
173 323
170 151
256 338
237 128
324 112
323 169
331 104
316 270
159 17
298 36
285 217
175 127
178 141
134 338
296 148
97 310
5 298
54 10
344 10
31 154
208 151
71 258
124 96
215 196
289 121
62 286
226 177
173 305
162 21
26 174
288 327
167 294
324 215
19 304
337 44
162 13
125 258
234 89
57 291
58 294
319 124
335 95
158 289
273 254
179 308
71 165
217 80
252 306
24 197
97 178
138 126
240 310
98 84
80 83
179 337
267 302
230 13
284 282
82 245
127 264
124 63
34 155
298 10
189 39
346 99
349 283
279 152
109 164
248 74
10 168
343 163
96 236
87 69
25 6
18 168
5 177
187 349
206 131
5 22
247 4
342 2
248 45
101 162
227 71
138 211
180 116
47 221
255 106
202 337
78 36
168 209
344 331
173 315
336 216
222 99
302 318
328 5
104 50
228 173
217 338
110 325
249 307
195 104
46 71
287 6
306 279
62 231
219 137
249 292
307 289
188 64
15 280
130 52
29 274
302 251
169 84
302 242
290 280
329 22
277 49
169 346
198 276
267 159
59 206
226 163
124 145
206 251
73 135
66 268
273 267
110 82
229 167
156 201
271 298
64 154
122 246
83 275
163 184
188 133
19 279
9 52
174 44
155 287
304 184
57 7
8 336
156 114
256 49
218 118
23 325
316 73
28 223
165 38
124 259
77 343
332 9
45 184
272 284
128 244
81 197
260 1
109 186
49 157
178 290
31 10
311 257
325 310
328 172
220 61
216 252
266 199
90 155
294 211
180 286
1 183
234 250
119 86
306 268
302 165
6 98
112 84
255 291
15 91
206 208
13 59
209 34
152 113
30 57
183 147
191 79
304 334
290 62
117 317
275 3
219 265
323 4
248 328
144 348
157 136
239 49
8 197
163 205
223 20
238 223
117 269
262 190
185 297
80 63
193 248
283 104
22 27
90 31
189 227
121 34
251 220
146 91
317 3
4 240
292 2
207 187
323 188
269 115
152 150
100 190
313 244
101 236
87 197
261 306
223 47
58 99
295 163
231 164
329 186
229 21
26 177
335 81
326 42
293 340
254 88
295 164
275 306
68 7
147 88
60 9
179 107
326 140
327 36
79 233
11 292
100 314
341 274
168 218
342 258
176 263
34 286
315 199
192 276
308 111
280 135
217 139
122 271
291 158
318 159
61 154
243 49
15 256
258 70
340 202
145 277
34 55
325 223
180 189
340 331
71 144
12 272
62 93
216 38
215 80
173 152
156 190
21 161
165 127
264 281
267 14
10 117
298 282
13 97
337 220
287 292
167 107
222 2
42 323
203 12
97 344
205 279
45 106
289 317
96 185
251 254
279 237
294 233
129 256
280 100
34 212
69 109
186 176
143 5
59 107
256 267
40 132
338 194
290 292
139 239
44 280
73 224
78 177
306 9
148 170
180 12
214 288
92 273
111 163
160 256
73 12
274 141
239 220
192 121
112 127
82 231
25 160
6 339
45 37
150 39
298 120
297 78
104 247
338 300
45 88
54 218
282 142
78 90
64 228
3 211
113 269
234 189
197 154
84 37
303 88
312 343
244 238
348 316
215 23
224 272
202 16
41 29
232 106
347 146
337 55
321 237
269 144
314 333
102 299
12 30
321 79
335 153
114 143
158 128
161 62
94 205
137 17
121 246
152 225
70 138
174 314
169 340
66 96
237 181
263 289
273 47
214 83
106 163
17 109
292 204
256 73
119 349
245 65
338 37
306 325
27 253
54 135
342 324
187 230
33 324
268 227
307 66
217 329
320 19
274 213
111 237
232 165
327 150
280 155
31 290
181 226
314 74
130 11
171 179
257 332
166 266
193 23
157 326
201 269
299 217
61 31
142 171
81 329
292 51
121 132
19 257
78 87
144 134
181 136
346 191
280 28
15 4
25 320
18 300
97 313
137 200
216 107
68 32
114 119
185 310
185 112
291 203
41 21
183 112
287 21
181 298
218 344
100 152
158 58
144 267
173 25
325 253
53 151
42 4
176 120
236 270
258 163
33 86
183 116
40 309
10 283
213 281
127 275
346 87
323 200
168 231
100 219
16 193
8 16
26 23
66 88
117 18
13 304
253 109
22 305
143 117
338 75
275 315
349 278
211 143
96 26
248 243
219 235
204 240
9 127
118 17
103 17
32 276
50 144
330 317
301 263
119 60
11 35
253 80
42 248
89 50
237 248
242 145
231 154
87 309
277 144
350 118
113 334
197 9
245 32
328 168
162 127
274 305
333 188
39 152
337 9
112 59
179 73
148 76
163 337
248 258
4 238
123 289
305 131
18 273
21 213
137 82
207 31
349 344
343 243
42 253
336 163
322 7
112 336
202 307
186 25
106 312
296 317
181 50
253 121
161 195
131 31
340 209
24 240
321 73
43 182
334 114
243 349
67 196
141 36
77 155
325 34
286 89
57 178
114 102
157 168
59 115
178 147
5 55
326 315
324 332
261 264
148 77
44 126
169 336
266 51
131 43
204 191
221 275
197 74
296 68
132 343
185 290
314 317
69 32
69 244
260 121
279 269
323 116
53 23
273 242
59 148
155 180
34 184
254 189
49 304
208 48
247 115
69 347
167 38
229 165
115 310
44 152
210 341
313 241
26 297
146 324
254 259
257 155
240 260
219 284
43 197
286 316
20 175
217 61
44 72
182 162
341 76
159 43
48 188
91 307
298 168
260 135
321 147
126 282
116 251
306 228
182 198
114 138
211 52
275 287
59 20
232 207
221 347
290 33
6 116
163 191
83 106
279 121
82 169
308 95
196 174
329 259
80 136
204 263
211 194
53 314
330 257
188 198
50 336
21 263
52 206
54 124
255 184
252 282
298 75
330 334
228 87
138 64
266 173
27 231
232 263
289 297
262 289
65 265
103 121
91 212
118 269
207 102
99 213
293 12
73 22
60 252
112 122
172 145
167 34
248 36
343 129
338 281
90 143
32 199
61 56
101 201
235 91
239 190
282 177
205 226
193 257
301 240
189 45
292 101
144 173
319 69
123 208
279 4
112 89
273 333
190 166
112 80
299 57
75 321
195 50
53 37
11 287
296 5
34 165
3 163
253 263
101 285
13 104
336 114
146 349
74 255
280 217
87 308
238 157
22 293
203 145
16 171
317 23
332 256
158 172
129 268
301 249
167 72
339 84
155 151
33 9
179 25
325 36
297 223
225 289
190 291
35 192
194 275
48 314
144 108
100 328
36 313
288 66
138 290
161 172
300 257
112 115
67 122
151 243
346 49
160 258
98 44
278 252
24 261
312 68
345 165
240 168
169 333
18 345
247 252
239 106
235 319
250 6
105 237
96 313
3 157
277 251
49 330
221 293
132 166
129 283
145 329
65 84
297 136
70 288
181 257
337 19
350 214
130 124
341 278
192 327
165 241
278 314
216 154
168 102
30 292
281 220
17 207
97 69
40 148
233 197
23 153
199 350
99 32
117 328
1 76
171 32
264 174
289 160
175 344
111 104
270 193
49 281
231 83
121 27
117 238
49 326
43 236
35 333
36 116
11 30
76 140
17 66
200 28
174 49
34 317
60 14
297 272
73 309
335 208
350 191
58 269
318 209
54 229
50 40
28 323
250 125
149 254
168 227
162 210
112 26
345 136
123 274
2 54
190 206
84 73
323 178
232 229
148 345
280 89
193 81
274 159
128 299
156 94
127 327
277 100
240 249
50 327
31 124
291 160
146 261
226 11
324 190
346 229
336 171
331 103
188 280
301 341
105 201
259 47
188 243
165 310
179 324
266 276
303 316
84 264
328 113
26 284
188 330
73 260
235 76
23 294
93 77
153 49
288 319
113 154
316 285
295 284
172 230
184 91
179 28
81 207
142 195
89 303
102 154
281 233
86 1
77 249
110 215
129 85
313 172
166 123
343 116
308 328
148 101
216 269
141 276
6 314
266 169
101 141
9 205
317 203
219 193
74 47
72 166
282 35
252 280
37 74
31 16
264 340
93 105
33 59
285 298
179 91
264 307
339 42
183 105
27 220
11 106
65 211
312 301
283 279
99 333
147 340
329 88
77 14
181 19
178 344
326 195
107 186
29 76
47 219
121 233
263 313
13 144
98 270
307 122
217 197
119 197
325 192
110 119
68 93
23 198
13 26
43 37
146 87
289 196
138 127
308 330
135 77
223 146
290 270
326 39
307 108
222 320
307 53
252 175
239 59
196 114
280 315
308 72
195 263
118 335
222 277
153 6
273 65
110 158
137 18
175 112
54 223
251 14
240 291
174 159
251 202
16 42
75 102
233 114
32 242
153 126
268 146
83 350
14 250
319 98
58 329
121 328
333 127
127 109
186 233
124 288
328 265
76 46
196 69
325 164
146 153
283 314
96 116
213 95
109 282
78 166
320 313
225 25
101 321
287 93
278 24
128 307
137 233
14 285
124 344
314 168
27 263
47 279
65 159
306 203
251 255
88 330
206 157
40 109
60 339
243 53
220 318
119 142
334 327
183 321
295 131
278 338
318 325
41 297
35 166
280 37
6 126
286 315
48 7
49 76
147 168
22 113
337 214
124 213
59 118
262 285
305 266
232 196
289 306
266 224
98 299
244 131
8 153
274 33
308 84
49 209
187 321
303 96
347 154
189 47
311 299
114 56
94 244
334 78
131 340
231 306
274 324
262 103
35 123
120 311
40 126
143 155
212 22
233 312
333 283
122 54
86 337
197 199
12 121
162 152
100 198
243 66
274 8
51 124
1 263
284 236
190 273
268 290
88 315
243 2
315 220
198 62
45 270
176 340
19 282
47 111
290 14
316 149
41 153
143 36
285 192
185 262
120 195
76 313
261 149
202 116
292 348
11 75
154 334
345 164
27 193
169 183
107 189
27 243
125 95
130 329
203 277
11 168
345 343
253 289
193 226
325 272
312 7
337 63
258 92
275 51
28 97
280 87
148 106
68 73
2 208
95 65
18 279
239 167
194 172
188 339
18 11
231 114
322 190
279 42
144 120
140 105
235 292
273 216
104 302
60 340
121 298
60 132
160 182
42 149
249 210
103 324
295 43
33 21
18 272
12 236
151 187
235 89
244 48
168 123
334 52
229 289
169 286
147 166
256 203
61 59
20 328
297 180
36 171
276 71
162 64
34 128
154 295
264 234
282 206
45 109
266 135
176 255
154 168
17 188
272 29
100 217
345 102
333 82
213 111
161 314
218 253
161 48
78 209
130 309
28 139
325 255
136 188
331 52
88 297
151 297
169 125
8 185
239 328
337 21
56 174
280 59
70 292
120 295
223 72
82 49
129 350
5 121
125 247
332 176
273 206
301 95
327 46
104 166
317 345
141 257
241 330
282 41
83 147
279 216
348 245
191 130
254 97
278 15
63 132
158 34
89 40
205 287
243 293
200 32
161 89
250 274
346 43
178 341
223 164
165 277
49 222
147 317
190 62
242 250
241 71
277 54
4 314
149 29
9 171
119 303
283 68
212 132
167 190
319 299
183 161
290 129
119 194
342 213
101 339
233 55
34 226
230 285
203 307
290 152
41 45
192 209
115 145
125 85
35 140
325 228
145 204
209 306
15 48
207 301
290 21
279 100
203 157
221 100
273 27
334 51
252 346
308 254
24 134
271 159
332 133
27 59
168 174
8 266
70 57
90 276
5 102
85 310
64 221
290 260
260 9
201 180
64 40
257 242
232 266
179 96
107 221
227 210
238 124
320 107
31 274
213 128
108 259
68 39
108 103
160 288
65 141
77 149
14 157
230 200
173 214
248 311
169 62
73 342
330 259
236 143
95 333
175 230
308 195
61 238
48 133
116 280
219 314
28 56
293 177
83 229
114 320
218 35
315 308
42 276
344 116
113 13
316 171
340 123
123 347
8 3
16 36
89 150
150 141
281 154
305 332
95 13
28 169
67 10
270 165
73 301
290 201
141 337
200 108
286 167
141 67
236 154
8 242
235 264
251 118
322 299
270 281
217 249
56 318
267 87
94 136
227 327
110 186
329 55
286 135
210 58
260 66
192 139
340 50
37 81
319 264
84 171
164 324
234 209
176 190
176 23
64 109
167 308
119 61
306 32
151 226
228 334
19 347
246 280
75 237
200 54
32 93
158 190
278 129
74 104
19 155
69 12
164 28
258 16
343 232
247 256
99 247
307 311
15 28
190 139
97 249
138 318
41 195
147 231
107 103
154 333
37 247
221 155
29 168
108 302
318 148
60 1
22 97
308 48
174 306
10 302
139 42
346 221
299 61
170 168
319 226
192 226
302 282
140 285
181 255
69 345
307 216
68 331
23 57
132 12
305 232
155 174
316 320
54 26
283 342
120 255
202 231
150 189
327 16
88 310
3 294
271 120
78 26
324 15
56 127
129 122
291 161
216 143
98 22
143 316
139 292
51 276
255 119
211 260
50 47
23 189
15 274
115 206
57 142
306 190
337 284
11 251
273 240
28 208
91 174
129 60
225 8
343 135
222 289
103 329
88 114
177 104
233 78
61 275
283 168
14 194
161 214
60 261
338 304
241 101
345 147
137 343
2 329
310 254
327 22
215 331
57 311
94 309
74 25
66 303
95 198
127 335
177 83
29 178
69 311
125 54
174 234
184 106
74 174
126 38
157 166
13 227
72 137
294 269
265 171
138 226
290 317
264 322
1 211
305 313
314 248
122 238
17 219
210 299
137 193
262 200
335 345
269 67
200 46
158 185
268 28
77 327
115 182
292 75
250 11
251 335
123 3
91 83
238 183
134 21
330 163
274 122
276 201
320 285
285 216
328 347
59 15
130 285
236 73
249 188
124 265
125 206
57 104
181 347
114 347
345 68
274 26
101 143
80 205
268 108
204 141
332 149
284 34
350 237
139 349
35 340
2 253
244 29
95 277
273 226
221 96
14 150
225 105
85 276
196 231
277 87
161 20
305 108
20 205
152 90
51 238
215 263
196 26
180 133
85 338
250 8
95 66
228 196
137 196
344 251
180 265
197 106
195 77
346 299
251 339
116 328
158 338
126 244
149 239
268 184
15 70
77 145
182 191
200 34
196 90
187 140
28 31
104 196
317 31
273 238
103 41
55 89
163 267
308 170
202 209
50 264
12 17
172 188
130 71
260 88
159 11
70 346
98 217
27 311
301 155
66 180
345 106
299 19
350 70
321 272
278 100
258 46
80 239
55 77
115 38
107 286
59 314
23 276
226 301
125 236
172 147
306 74
6 301
84 146
342 236
101 147
240 126
181 230
301 66
134 120
24 318
278 251
150 84
30 168
339 272
220 321
71 16
262 141
217 119
26 159
246 71
207 339
103 214
335 128
91 128
45 271
190 172
112 156
268 301
176 114
14 79
182 22
143 173
260 255
299 83
146 185
236 301
198 266
73 51
60 329
181 229
96 291
310 308
279 274
242 349
118 207
173 31
223 105
321 109
29 64
159 106
301 166
25 188
53 175
266 261
234 313
272 43
299 316
336 180
124 29
241 322
335 342
244 42
35 65
343 139
20 214
180 165
94 196
65 318
244 220
282 149
340 348
44 156
92 16
52 15
214 336
29 305
104 37
338 144
299 295
180 93
281 126
2 112
301 198
340 69
330 258
132 50
229 161
259 236
94 227
311 316
75 307
233 23
142 230
221 254
286 222
303 163
230 240
317 130
243 73
87 202
208 211
247 251
29 206
112 60
290 190
108 313
100 240
241 233
133 216
157 341
76 289
285 91
174 350
62 134
198 13
43 257
96 270
65 118
201 184
228 286
116 128
287 230
63 306
303 33
203 61
97 309
77 175
328 272
314 57
104 47
230 342
217 342
236 84
87 335
142 117
6 348
7 151
171 162
90 272
255 149
114 170
124 298
238 82
17 14
251 235
130 291
33 270
312 1
15 13
200 26
81 234
137 235
142 286
48 57
283 197
137 33
111 158
219 317
115 66
277 212
184 241
323 242
163 57
240 48
326 219
99 165
286 100
285 56
269 255
230 47
163 174
109 152
130 244
283 42
107 193
288 279
116 219
95 170
117 145
245 165
84 21
36 4
176 293
278 34
288 19
222 190
31 137
267 203
121 86
146 38
37 205
304 65
187 159
173 210
212 67
166 288
46 226
343 71
205 103
147 69
111 229
346 132
63 46
306 317
125 84
188 95
229 256
144 177
276 236
113 84
252 205
188 344
182 346
169 240
89 306
310 57
50 301
211 87
48 294
35 129
163 287
304 192
132 276
277 40
328 213
218 19
240 319
67 284
190 40
236 213
217 101
343 340
183 268
179 310
333 282
9 98
77 304
253 35
213 126
75 201
262 109
96 330
139 128
64 39
161 39
115 128
185 61
88 263
29 199
172 238
94 237
16 160
46 251
195 300
25 219
166 346
239 310
123 100
170 156
57 237
311 115
38 45
210 340
108 38
302 317
151 197
95 231
330 271
90 184
153 139
147 127
92 143
144 68
340 22
347 6
186 150
259 310
18 164
144 204
345 200
313 281
223 73
228 108
332 297
60 37
140 43
345 333
78 194
333 184
99 125
231 296
332 93
69 64
302 214
56 34
132 321
264 70
317 83
280 311
227 159
15 259
253 290
100 121
95 143
284 230
148 241
225 327
315 20
41 229
90 82
77 207
249 321
56 163
197 21
101 193
168 271
116 159
120 317
131 97
259 333
106 37
213 329
308 132
342 238
228 142
104 227
148 151
281 192
27 151
248 136
18 320
291 231
175 245
261 155
188 286
33 157
290 198
198 336
85 225
153 306
109 8
126 276
245 61
29 52
254 74
128 333
311 33
198 317
142 16
224 91
131 323
230 333
191 4
250 117
229 325
300 239
305 7
283 295
148 32
154 137
179 125
180 261
213 283
191 225
64 195
142 315
290 348
22 155
86 20
302 304
240 328
274 235
299 223
329 68
197 84
172 187
17 26
10 293
49 288
32 121
85 14
162 87
187 146
195 310
206 128
158 119
50 151
98 63
93 185
272 265
69 214
214 154
127 125
304 342
215 274
92 322
285 243
60 107
101 83
13 323
336 305
342 78
32 304
178 4
170 269
276 99
189 5
104 88
313 196
140 122
349 52
287 291
16 200
89 344
88 192
224 74
280 302
208 3
350 201
291 340
266 86
246 58
283 259
85 286
286 313
205 133
238 270
113 10
266 1
199 18
157 56
251 112
297 261
343 39
254 161
253 201
12 89
266 226
236 291
33 35
171 98
135 227
323 285
248 78
219 270
64 350
20 208
292 110
1 42
297 306
241 50
346 254
161 34
48 61
313 259
7 98
262 348
40 37
196 214
334 62
13 185
16 330
15 182
182 78
118 28
209 264
303 68
18 340
71 247
1 194
148 172
320 133
199 230
141 285
230 15
236 65
274 132
160 151
288 193
64 315
220 106
100 46
349 217
89 139
178 94
151 190
193 39
196 33
315 324
227 184
74 337
23 350
333 116
69 195
245 208
177 237
54 348
139 336
108 334
338 17
53 342
263 52
10 345
138 91
141 61
249 20
133 65
190 6
321 263
245 232
160 144
218 37
8 30
310 221
300 334
54 179
147 20
313 309
201 312
47 192
272 313
99 311
321 307
79 19
281 8
53 292
40 143
134 246
174 210
61 82
183 40
57 323
26 262
46 180
129 144
316 187
129 209
126 115
128 239
128 68
47 343
255 265
218 213
223 320
292 111
156 247
57 8
13 178
299 159
96 151
196 303
255 343
147 118
338 111
103 128
49 66
73 19
50 317
42 215
146 321
335 321
224 50
76 40
190 95
27 48
100 189
319 47
212 156
202 277
93 101
306 98
164 251
341 114
301 324
126 327
350 34
298 233
187 161
201 329
162 19
135 115
231 242
278 283
32 132
29 78
160 259
96 23
135 292
62 230
276 181
254 249
310 38
348 271
153 250
293 296
119 319
150 40
53 204
269 99
201 81
46 171
159 114
301 270
8 18
58 218
211 247
185 57
114 234
86 122
319 271
84 252
169 199
136 220
133 26
211 296
190 182
307 235
212 230
12 87
334 142
217 133
79 249
297 161
203 290
100 145
335 258
38 205
81 281
308 277
136 295
70 287
112 192
194 340
273 19
242 322
310 18
123 125
152 350
267 319
272 79
316 84
174 269
162 104
116 217
340 84
52 46
74 110
337 209
208 18
190 4
230 244
56 306
2 281
259 181
2 30
96 72
96 332
18 257
335 276
126 301
303 55
171 308
291 128
303 215
55 145
269 90
325 295
42 49
47 200
117 84
238 298
268 8
317 17
208 60
140 232
51 2
184 19
59 131
348 40
49 10
39 180
159 94
259 134
165 31
314 319
2 268
174 47
298 346
8 87
49 219
150 155
292 127
77 146
235 81
19 168
200 329
200 122
331 272
134 207
225 198
184 30
206 142
3 243
303 282
251 18
122 251
120 97
81 1
68 213
141 299
102 66
87 174
58 42
306 189
241 113
195 49
199 157
275 73
229 102
128 217
305 145
303 185
176 172
100 139
328 321
255 205
191 228
125 72
314 186
240 148
63 201
38 62
78 15
307 276
65 202
329 209
275 171
320 228
33 113
16 225
145 299
110 310
127 85
178 250
89 202
116 24
39 177
183 141
291 83
93 177
145 92
269 56
223 296
206 102
345 261
296 255
237 302
199 330
197 304
50 207
56 272
114 78
217 287
189 10
43 88
41 78
155 80
48 172
244 118
72 302
64 201
40 44
39 234
141 60
163 241
251 120
187 95
37 28
140 248
35 52
54 49
118 284
182 38
89 224
145 238
133 195
201 213
317 260
282 344
93 21
43 191
152 239
6 134
79 299
225 70
213 69
234 102
73 293
36 113
307 61
80 150
153 29
266 306
62 152
301 310
74 76
210 335
248 131
153 104
5 90
223 322
86 262
309 265
306 342
265 344
150 216
135 20
265 12
6 306
328 277
277 167
189 250
61 153
209 16
326 147
337 143
177 87
22 307
221 110
326 112
119 274
179 298
300 265
339 221
159 4
25 18
272 153
79 161
319 322
336 175
170 251
40 120
26 53
174 27
293 211
42 156
320 62
80 200
302 40
345 248
197 40
125 76
174 237
336 340
228 20
234 160
221 187
223 14
133 174
18 269
241 132
87 148
57 60
108 348
159 67
318 134
205 79
183 266
72 2
86 162
25 140
30 319
333 140
271 42
160 27
141 55
336 145
210 275
19 231
198 48
266 175
192 277
92 261
289 35
44 308
293 56
182 218
42 161
303 227
153 296
301 297
302 275
139 16
54 203
141 234
157 147
181 190
297 345
273 166
266 88
31 331
53 108
56 3
182 24
177 302
67 19
335 281
255 174
20 305
267 46
15 58
6 16
188 310
98 146
287 266
129 135
250 275
195 262
235 58
32 100
345 236
206 7
63 109
276 241
310 1
2 33
119 38
249 269
107 169
31 100
124 244
302 136
119 143
254 165
217 85
43 166
96 158
279 291
253 190
60 156
191 17
189 113
4 333
246 186
131 3
86 106
93 330
30 94
181 204
220 270
142 317
167 161
173 207
184 269
148 50
329 41
236 61
25 316
163 298
48 181
84 67
10 124
265 165
322 177
155 74
89 25
117 206
99 287
68 324
193 339
120 71
214 341
314 265
7 162
19 158
349 309
187 5
57 90
145 131
311 100
159 6
318 197
169 217
98 256
35 283
152 127
256 166
315 51
172 131
350 286
35 10
20 9
133 4
262 122
66 336
102 39
94 72
231 209
11 339
233 288
239 2
214 245
272 112
244 18
93 282
241 247
121 201
186 140
46 83
16 344
25 346
329 24
63 68
95 101
150 199
181 209
156 348
104 8
138 59
201 157
32 155
106 87
272 204
236 221
254 6
321 262
222 229
178 28
93 131
23 320
17 228
278 194
1 112
289 266
249 168
235 288
246 189
74 157
313 255
2 166
231 90
244 307
299 289
286 69
225 323
155 63
350 195
157 2
161 10
200 224
324 317
162 142
328 234
188 22
277 346
339 151
150 183
73 117
341 271
213 1
104 3
261 327
196 186
47 91
209 341
15 279
339 183
295 204
61 112
270 168
169 241
129 72
216 172
65 163
263 129
51 126
167 130
40 218
349 101
317 274
63 292
115 248
230 335
113 148
156 163
14 189
329 236
148 52
345 29
12 79
43 36
62 8
47 143
139 246
14 316
163 11
41 262
346 342
327 129
122 207
136 138
299 161
291 98
313 231
27 228
150 63
53 25
156 184
104 16
129 302
61 75
35 88
124 240
104 130
113 222
62 346
48 112
255 168
264 242
268 9
273 310
200 191
63 27
309 151
228 167
313 134
21 81
298 232
324 20
276 7
313 207
162 239
60 39
59 120
208 10
294 43
36 321
208 152
118 279
83 28
95 226
300 177
212 311
90 162
262 271
83 103
137 81
244 72
328 62
44 79
157 58
99 334
115 338
324 170
211 56
187 197
27 343
332 139
294 180
157 253
270 188
123 220
201 187
245 319
219 122
120 54
324 288
46 193
176 208
102 246
52 39
22 225
14 298
236 149
37 181
268 277
247 268
279 347
94 246
320 5
292 129
72 334
193 95
125 263
7 311
317 144
292 112
312 112
173 267
248 84
168 223
46 30
189 8
163 247
33 335
170 264
207 336
266 145
175 332
288 125
192 174
335 61
61 318
130 276
225 209
301 27
234 87
152 181
346 305
155 334
313 334
246 180
25 116
230 110
171 19
98 33
195 275
260 268
141 135
345 168
325 130
133 135
349 47
189 110
126 229
244 246
251 245
47 19
16 136
22 114
339 134
50 150
282 236
115 225
2 212
283 338
38 79
164 9
4 175
217 72
151 300
294 42
188 91
105 108
314 145
36 81
245 91
223 42
120 345
288 149
113 165
49 130
279 109
20 322
147 106
166 217
66 319
177 109
307 342
275 56
97 33
13 262
166 74
20 25
27 64
261 118
166 222
342 52
27 244
88 299
258 130
278 87
305 165
138 225
295 336
96 130
28 249
145 285
248 138
205 318
271 278
35 13
345 153
247 342
120 210
42 311
297 280
261 341
215 152
216 146
225 321
350 302
57 32
284 13
233 21
175 24
120 336
267 129
331 298
96 89
337 235
248 252
98 88
26 306
153 293
204 200
293 266
293 225
52 203
267 293
320 12
212 24
79 328
53 76
262 116
344 60
246 316
43 184
245 64
38 144
42 274
27 108
223 53
296 300
4 242
30 39
302 209
22 272
346 330
178 231
70 217
123 133
262 88
143 86
66 204
77 72
226 135
299 10
90 292
142 244
330 34
297 200
52 322
316 228
32 341
58 237
141 110
248 53
168 300
151 216
106 133
184 302
209 15
59 338
317 288
104 254
15 196
108 168
267 97
285 325
26 178
252 312
315 342
229 323
38 256
61 324
90 127
6 221
176 310
108 186
314 8
302 46
228 14
122 342
136 117
1 178
291 67
242 248
277 302
209 28
103 265
96 176
173 149
67 105
257 303
190 153
239 148
177 225
245 186
318 143
231 173
43 29
87 6
192 16
272 82
171 132
59 320
253 38
34 285
202 274
73 283
291 163
298 287
131 350
232 206
11 233
229 263
125 49
13 256
233 106
250 155
79 45
270 15
55 136
96 198
94 109
303 283
176 85
236 169
86 145
188 287
241 181
148 184
347 39
242 310
303 262
276 239
14 300
34 228
214 219
4 282
154 68
240 104
283 298
55 258
5 32
329 273
113 65
59 154
270 181
134 278
323 62
228 299
317 51
111 246
130 25
83 45
82 116
96 131
236 5
176 117
165 131
184 32
310 204
84 137
245 45
73 350
60 325
298 223
225 345
293 323
165 183
35 255
328 274
56 290
44 147
259 159
172 347
123 50
241 152
341 50
139 97
34 328
234 166
227 87
311 119
15 298
265 134
183 204
36 86
213 39
255 178
2 234
255 63
208 226
348 346
215 147
289 82
287 293
8 134
170 133
90 331
287 195
12 298
73 64
110 264
24 205
338 226
65 30
339 347
169 325
220 4
188 1
58 178
59 126
33 38
223 48
3 110
131 227
195 221
102 339
251 314
70 165
35 117
64 120
336 304
331 317
178 332
348 58
63 231
312 30
126 310
334 174
267 3
219 295
178 23
144 180
172 338
60 263
309 183
112 83
133 40
291 210
66 176
286 191
190 46
91 185
155 267
108 327
76 339
319 79
151 67
335 80
10 319
293 165
10 212
162 219
6 35
96 6
39 158
136 215
279 195
283 325
59 46
305 213
244 16
57 97
48 107
58 198
58 121
230 9
90 160
70 24
117 345
252 310
114 99
115 98
110 162
3 251
300 3
209 204
58 229
20 181
166 318
212 81
170 138
30 67
43 344
267 44
186 11
182 151
159 96
19 236
188 329
23 89
333 66
136 252
248 118
116 208
30 97
83 94
265 349
234 145
236 304
120 17
149 291
207 12
197 66
211 95
125 40
149 107
289 272
147 97
306 147
223 85
59 196
62 11
283 71
278 64
350 49
215 284
296 73
17 94
153 64
258 296
256 224
136 279
99 159
101 189
330 8
17 202
326 6
12 234
197 281
127 195
132 318
68 272
150 28
214 316
292 200
49 250
39 263
12 193
241 7
235 320
237 178
349 149
335 42
61 3
107 292
297 315
92 189
99 173
183 87
61 107
317 350
91 59
207 10
134 91
83 246
141 279
121 63
36 118
129 118
44 346
164 277
211 50
101 323
72 27
119 290
134 89
306 107
226 234
197 35
54 86
131 214
219 262
232 237
185 168
316 152
89 82
179 262
86 187
121 9
26 285
24 78
278 188
271 106
209 164
44 212
111 286
73 170
224 311
130 114
300 150
345 214
115 7
162 188
179 14
193 302
310 50
55 171
233 129
205 309
74 114
117 85
348 195
146 96
162 270
293 108
264 26
70 83
127 249
101 16
67 132
244 40
109 319
246 292
186 333
273 220
177 140
215 63
17 65
127 171
277 226
86 76
24 301
140 252
17 238
128 19
335 228
106 61
350 135
101 220
172 292
14 90
343 187
347 75
170 109
278 340
38 294
158 215
57 10
222 343
256 90
200 179
37 304
326 267
343 210
56 200
146 190
80 108
155 225
251 271
190 185
326 148
31 40
63 7
290 108
156 83
14 271
293 30
331 199
30 48
81 155
346 13
31 225
312 8
145 6
277 154
158 40
268 57
137 234
116 70
338 268
340 294
25 90
272 326
34 261
80 301
72 280
245 290
123 350
166 208
300 108
91 151
181 8
271 170
214 31
98 323
233 261
323 223
332 341
23 31
243 146
63 333
63 37
107 311
60 286
302 274
227 42
271 177
68 84
258 20
288 39
347 83
171 117
80 68
265 158
3 33
102 329
225 330
14 52
202 304
15 89
82 126
228 291
21 58
252 197
301 181
138 250
247 322
148 125
335 186
250 77
95 340
137 80
340 269
219 246
68 115
38 336
195 111
46 49
124 37
147 185
187 14
282 202
240 8
95 244
348 105
126 268
275 325
230 197
348 280
86 200
61 232
322 248
38 301
192 14
107 105
2 138
105 246
307 312
121 238
340 143
72 70
32 80
72 269
288 26
13 145
45 18
44 151
169 206
259 222
203 131
283 153
216 70
177 98
328 75
276 226
264 207
216 156
325 144
332 67
284 47
82 318
160 88
317 139
129 177
19 72
77 35
334 152
311 63
110 299
237 114
95 270
308 110
239 120
176 320
250 67
211 39
14 348
40 145
305 308
339 332
332 1
220 12
228 339
298 9
249 69
127 316
259 187
94 128
320 48
292 326
72 279
36 264
319 195
290 125
117 202
292 88
317 76
107 109
280 215
300 202
305 331
27 6
166 86
332 125
24 343
211 324
247 23
76 61
252 56
34 298
223 308
315 256
106 174
248 262
40 166
108 155
129 102
267 19
338 285
99 221
205 314
71 188
39 157
247 340
325 281
246 107
91 89
239 7
118 174
34 150
163 286
244 225
298 328
296 8
213 54
173 118
75 41
261 282
278 193
74 128
99 144
11 124
97 3
18 121
225 29
49 191
177 227
39 6
348 324
105 221
294 216
279 338
348 257
333 187
218 235
210 44
30 267
16 170
113 69
134 86
61 285
173 211
278 37
219 167
189 49
337 107
251 162
88 123
251 31
36 140
324 302
266 19
139 4
98 349
214 267
116 101
240 76
153 107
335 328
296 193
12 115
320 211
71 131
241 208
76 349
263 92
278 226
122 47
136 281
213 284
93 1
157 160
34 50
343 280
227 334
331 102
270 53
270 187
2 86
295 312
232 192
283 326
117 103
250 336
321 209
310 150
55 242
228 233
89 195
113 14
262 270
245 29
17 157
141 181
195 327
90 142
135 214
140 180
13 183
90 236
74 232
161 237
285 247
125 116
75 278
143 139
104 150
249 295
278 18
301 36
65 312
81 196
319 108
321 165
159 236
201 322
74 208
235 191
252 115
314 76
80 47
55 142
228 66
237 186
83 167
262 52
193 26
164 350
151 312
141 227
214 163
305 118
249 279
95 84
214 76
231 189
345 177
337 315
208 272
213 152
195 339
312 349
288 234
187 341
320 172
66 22
98 72
331 118
160 39
217 291
349 150
323 272
104 288
120 81
209 268
269 12
155 259
116 252
188 15
184 101
217 232
25 286
16 294
138 301
299 243
110 329
29 340
156 23
86 267
92 320
335 319
268 300
149 134
117 330
126 257
344 248
72 145
49 252
233 29
232 288
151 71
293 194
166 328
9 150
126 166
132 112
174 214
294 339
58 325
238 275
320 41
138 199
44 26
164 256
274 80
276 36
189 90
66 33
241 170
61 304
18 115
341 263
238 348
92 206
80 231
210 165
14 303
4 192
64 34
110 43
217 49
328 125
164 168
128 54
54 215
320 239
140 46
110 193
302 131
327 40
248 73
333 340
326 119
265 325
232 182
50 217
307 185
137 24
345 39
120 217
13 141
290 97
305 184
265 157
120 289
193 221
106 16
177 323
186 8
57 125
57 296
309 115
65 176
303 271
331 48
9 124
258 333
343 97
336 95
296 273
124 95
68 47
270 101
50 230
143 195
130 44
305 12
74 243
238 125
294 130
166 49
325 225
268 24
195 209
144 115
144 8
40 98
18 204
85 74
140 170
33 121
332 235
60 162
323 346
45 260
201 313
59 2
201 176
54 187
127 166
295 229
243 10
13 174
10 272
255 127
62 32
142 75
102 271
71 206
98 283
142 205
211 150
210 228
300 54
132 207
69 266
236 290
144 119
138 315
233 166
186 161
247 255
228 100
234 200
340 251
148 49
183 68
51 5
67 98
158 79
243 192
153 217
152 129
83 270
254 281
172 104
274 25
162 327
129 298
313 303
311 73
174 129
341 191
342 195
172 44
40 347
87 246
45 195
109 22
122 272
158 187
154 235
174 241
240 284
171 270
164 147
137 61
331 256
190 234
108 265
51 23
21 234
56 312
250 40
283 335
235 331
247 93
105 148
255 230
196 271
249 215
218 159
92 34
302 328
200 142
218 156
211 90
50 319
195 121
250 213
213 58
200 229
114 322
76 293
245 234
144 37
277 218
13 17
28 42
134 267
166 306
138 238
110 125
276 79
286 201
267 49
53 94
200 50
94 129
81 139
48 202
222 162
177 298
286 129
61 286
282 8
177 230
234 224
104 108
46 5
182 179
6 150
298 53
259 198
218 212
241 66
130 48
56 77
300 210
340 321
277 225
220 121
121 54
342 178
116 114
327 266
182 326
294 40
60 51
175 211
235 286
63 297
169 3
218 176
220 93
326 176
344 29
81 171
288 275
184 67
130 145
140 77
211 174
326 177
27 172
28 105
247 138
268 92
129 335
228 32
75 105
331 3
348 90
241 77
344 275
199 204
39 297
329 260
141 107
76 147
188 100
341 95
220 245
192 188
153 267
313 140
8 100
317 48
296 251
297 191
174 34
338 84
27 165
273 284
37 286
23 44
103 216
337 262
316 292
283 182
345 173
162 258
227 17
228 333
54 294
25 332
92 293
197 293
119 157
247 202
122 301
37 297
147 270
288 312
233 303
151 136
324 140
58 174
291 92
319 145
254 102
336 344
14 36
299 25
217 75
226 14
310 56
173 128
130 335
178 171
195 67
315 285
181 14
179 254
47 182
295 54
79 141
23 144
171 294
310 287
220 191
56 229
253 297
318 274
219 210
289 90
92 209
319 313
37 259
173 146
47 135
237 339
110 240
218 339
95 172
257 210
19 9
144 321
257 283
141 240
160 265
141 14
124 76
29 46
312 169
45 95
219 82
296 23
49 161
176 140
135 279
318 242
82 131
346 65
174 325
259 335
57 244
34 43
67 343
278 273
322 271
282 5
252 4
197 19
233 117
260 115
27 87
151 335
320 124
313 282
230 140
298 18
306 191
274 239
303 200
114 213
295 60
3 136
261 29
181 212
40 4
303 301
141 211
297 346
207 64
59 191
224 46
3 40
236 35
127 110
99 210
346 116
288 27
350 217
344 123
4 64
123 226
120 264
342 205
2 91
198 190
345 137
114 304
33 160
279 50
141 33
343 11
178 202
200 197
142 293
67 38
117 327
111 285
268 12
327 130
276 220
80 53
288 34
197 124
74 101
331 311
306 96
53 51
308 184
146 207
149 111
115 34
222 34
202 32
265 251
272 288
312 11
58 172
228 33
117 277
102 196
79 8
257 334
340 197
110 145
258 316
277 114
46 346
133 207
118 194
225 176
6 135
91 82
260 295
333 181
236 72
186 82
128 2
82 99
59 278
54 249
295 178
201 45
15 329
24 95
235 110
21 261
172 185
264 346
235 318
153 256
231 226
338 143
69 168
167 142
2 200
273 4
223 170
256 246
334 95
275 18
232 171
172 61
242 208
169 95
135 346
200 72
222 152
132 135
78 191
58 212
76 128
14 57
92 295
187 72
250 193
61 182
147 111
180 175
220 25
267 323
202 186
103 225
58 207
303 278
206 348
143 30
152 256
314 310
13 9
234 244
133 88
231 28
278 133
340 27
8 169
119 135
21 219
90 322
342 252
197 68
317 168
182 241
319 101
247 95
86 318
142 60
335 295
18 149
277 294
225 4
224 312
223 176
40 114
230 318
201 102
56 187
40 32
306 54
344 224
75 143
115 169
338 198
177 157
334 21
259 229
76 105
117 19
168 54
274 139
90 146
228 232
331 245
70 42
75 118
224 271
3 194
232 181
211 99
2 93
102 257
161 15
341 71
308 5
327 260
194 113
230 34
288 197
21 80
137 169
345 64
131 186
154 34
139 242
71 145
302 107
20 5
338 282
334 346
117 275
8 84
7 118
319 312
87 313
306 130
232 20
94 222
2 137
21 29
68 281
243 336
264 159
172 335
292 193
137 117
56 251
250 19
80 76
244 282
203 230
315 190
339 270
302 196
56 222
245 27
262 162
182 23
260 58
37 91
237 260
119 253
203 178
100 204
239 41
161 126
153 249
74 137
165 136
175 113
245 185
315 242
165 45
87 15
314 15
93 283
330 281
349 209
159 202
229 292
35 209
169 308
169 295
122 57
301 328
258 120
85 231
69 210
89 231
240 271
85 300
266 96
286 305
73 183
257 284
337 200
348 175
141 166
125 248
172 29
345 146
268 21
118 262
221 116
146 325
251 93
278 31
202 265
349 267
224 215
232 58
54 127
1 270
106 236
143 162
41 2
65 173
110 313
110 312
322 130
321 197
94 182
322 172
276 272
180 78
239 277
53 146
320 7
28 295
78 95
80 227
104 120
89 266
67 31
134 198
322 278
43 111
17 139
195 162
290 169
51 192
253 172
276 222
105 345
261 17
182 229
344 203
294 245
199 313
254 71
287 52
2 21
61 55
290 258
66 132
331 292
156 321
252 114
308 261
294 131
221 39
56 130
10 166
277 38
195 239
40 6
325 12
289 135
275 324
296 62
158 22
83 201
223 21
117 325
212 222
88 135
350 259
71 5
184 281
286 348
75 135
34 123
299 324
9 119
78 45
146 51
95 11
52 220
195 141
186 78
228 145
97 252
295 76
308 283
62 259
41 81
151 276
327 90
256 312
175 335
172 13
31 80
329 198
110 341
161 332
104 305
48 60
154 17
276 47
194 348
59 284
131 321
250 98
35 324
124 129
129 179
174 305
277 79
123 64
77 206
90 260
289 22
341 35
36 324
208 121
235 163
117 227
41 337
191 340
278 344
306 92
315 181
161 350
248 113
255 165
165 36
72 191
65 184
187 300
303 184
171 344
79 280
113 247
190 54
134 218
34 116
2 302
176 244
190 163
50 8
345 325
181 211
220 293
176 150
13 49
42 137
250 256
69 145
225 145
287 343
179 48
198 124
346 331
181 292
291 15
94 291
100 72
305 291
239 265
121 278
176 129
315 47
332 141
285 300
4 29
85 315
89 203
42 109
119 260
181 34
130 207
238 25
92 212
295 256
288 236
20 70
83 128
58 16
162 8
188 216
116 18
266 179
232 224
197 65
192 148
231 269
72 139
294 15
309 290
26 273
43 339
18 122
169 75
43 340
319 44
86 144
238 140
67 60
211 124
121 98
113 315
58 96
25 310
139 212
199 225
16 191
251 347
46 286
70 115
135 182
223 126
62 121
341 8
106 40
316 259
261 161
241 234
34 20
40 262
230 103
180 147
96 43
198 112
251 137
137 348
79 151
276 290
316 223
5 85
74 78
51 271
286 156
250 12
184 191
175 262
160 65
292 330
313 278
39 249
67 78
1 335
81 190
62 303
195 340
22 301
324 13
270 182
44 6
277 131
236 190
322 317
62 228
62 223
131 75
107 268
322 9
94 107
255 250
65 204
33 172
233 190
323 22
9 133
177 339
280 34
70 303
10 96
294 311
179 255
246 238
160 106
89 158
115 231
31 95
271 90
97 27
247 2
249 265
87 281
157 290
168 152
8 221
159 162
95 265
302 205
177 181
161 251
272 336
282 11
273 124
232 215
266 99
69 239
207 316
298 112
63 128
234 348
176 40
77 52
74 301
215 172
170 184
152 138
252 288
19 115
189 331
286 211
125 68
212 201
7 173
210 339
318 192
322 262
220 21
305 208
170 132
33 142
210 110
147 55
20 62
145 301
74 109
104 131
120 41
102 162
315 350
18 58
95 313
343 300
332 251
61 244
61 66
173 183
272 37
276 268
36 62
134 303
182 104
312 227
326 218
212 330
144 44
168 180
160 261
229 127
92 300
261 272
324 48
152 112
128 284
321 260
111 211
277 221
136 212
218 198
111 46
4 39
212 72
59 50
243 39
189 145
310 15
44 320
19 103
82 70
242 212
162 85
104 31
289 41
302 38
207 99
214 263
194 231
93 149
177 133
60 154
249 276
10 199
102 194
227 150
323 1
209 271
41 135
1 161
148 51
284 116
276 29
71 113
61 282
228 244
156 31
207 279
315 283
287 92
103 16
175 311
203 201
280 247
249 139
208 327
211 341
66 246
113 277
202 71
309 350
251 260
137 26
140 310
230 305
160 215
74 196
297 1
68 35
96 148
115 103
276 332
231 347
320 345
171 295
288 216
284 140
7 211
140 50
348 279
82 127
255 2
209 193
166 183
122 75
205 167
261 94
8 170
209 115
111 151
210 319
190 30
222 15
253 41
269 277
97 331
14 76
335 197
144 15
346 127
110 41
337 334
27 158
59 189
305 11
80 295
207 345
342 113
164 178
150 169
237 120
97 90
193 216
97 293
120 16
203 167
28 112
24 64
333 136
105 229
42 304
109 185
133 51
142 130
242 183
191 66
258 343
63 93
87 36
270 51
321 173
6 234
215 174
243 267
186 6
28 335
344 225
131 86
90 64
21 328
289 156
205 350
316 113
222 110
281 208
273 334
145 19
291 344
340 217
220 298
231 312
138 45
349 236
114 80
322 40
274 306
325 307
49 113
13 86
299 119
90 16
326 57
194 264
155 265
185 163
333 269
55 262
6 222
239 105
23 340
222 91
194 23
198 202
243 92
247 96
271 219
157 204
17 52
121 247
114 229
325 163
80 1
193 255
266 80
310 131
280 256
226 77
75 25
208 295
84 232
318 265
110 128
282 227
69 230
279 297
234 155
197 132
266 202
246 303
127 257
243 208
189 125
188 304
285 102
10 342
333 172
154 242
124 309
22 196
279 234
125 129
18 333
20 312
196 14
224 335
60 304
325 271
3 151
71 277
41 269
154 133
313 345
100 137
2 183
184 181
48 238
236 194
95 5
329 169
284 33
240 342
322 176
331 265
99 315
26 230
248 68
245 253
292 263
45 129
127 59
241 110
314 16
212 176
111 34
62 156
212 127
155 185
30 219
70 41
152 188
126 312
280 328
85 81
229 202
185 237
240 214
225 182
199 134
108 215
126 28
61 21
193 160
104 34
292 4
98 29
277 326
37 301
321 63
251 297
204 325
70 255
262 310
168 290
218 266
160 254
259 84
182 203
302 59
313 17
336 4
81 39
269 304
194 147
71 124
16 342
42 191
279 236
186 15
187 88
110 151
40 26
184 144
233 138
68 188
323 151
286 8
33 70
173 90
139 221
167 63
32 299
223 227
280 147
137 87
325 134
79 11
284 223
232 271
97 111
288 192
56 199
200 49
67 317
243 103
348 260
66 334
2 82
241 177
81 16
336 160
60 236
180 83
144 258
143 105
236 313
115 167
197 105
71 17
125 297
272 11
58 291
236 152
336 190
179 74
52 131
222 163
268 68
336 18
192 307
207 170
89 212
17 173
149 177
276 185
267 197
7 278
12 224
149 151
253 137
308 67
254 260
71 13
162 166
210 297
158 65
316 279
349 90
331 194
41 118
307 153
213 168
230 89
242 101
230 31
204 336
279 33
122 289
58 279
340 51
81 283
295 174
220 142
167 301
223 147
238 350
255 59
152 61
106 330
162 236
25 142
165 201
122 71
296 320
308 244
74 285
347 334
345 36
37 135
32 283
93 138
121 163
350 48
218 56
266 113
207 149
200 20
165 62
294 205
174 82
151 327
222 280
322 58
59 192
321 20
236 86
91 317
334 240
337 165
13 6
338 296
96 237
255 78
48 102
188 161
104 138
259 208
285 1
173 202
16 84
67 129
299 132
260 30
168 85
291 40
55 205
41 331
47 330
224 248
78 104
106 130
29 90
249 226
263 244
110 24
75 53
240 289
326 276
313 171
335 236
296 43
204 128
271 127
123 321
34 318
193 121
43 49
48 155
138 344
317 158
251 282
89 30
282 80
252 141
346 325
223 101
187 101
90 274
228 170
11 306
112 338
75 304
125 176
326 198
316 92
167 158
135 245
271 316
118 310
213 65
27 38
213 267
168 56
173 242
152 198
15 335
193 106
65 142
216 292
29 321
75 250
346 268
115 258
91 231
175 64
348 251
317 164
122 52
116 163
341 246
266 46
207 308
211 191
120 231
71 186
38 263
193 35
294 121
96 105
47 148
248 49
147 248
70 87
76 62
11 74
123 25
246 90
149 265
288 29
128 210
206 147
63 336
283 152
327 13
147 229
143 77
312 141
63 143
350 7
234 14
12 291
306 131
303 338
137 292
179 194
221 241
251 183
322 47
204 107
177 159
290 226
278 52
120 98
155 149
141 244
186 320
310 120
134 102
276 343
294 194
86 29
181 53
120 225
294 198
104 20
116 120
226 81
34 268
41 203
164 67
282 322
283 264
72 271
272 164
227 272
209 342
327 163
270 144
40 201
248 296
109 230
20 136
241 171
297 72
145 12
153 56
68 140
141 22
281 298
175 12
14 39
22 261
64 105
255 161
340 117
15 249
268 22
78 294
194 15
290 47
312 196
259 73
50 283
255 308
278 240
38 318
106 347
134 248
186 130
40 332
320 70
276 234
237 37
85 259
166 321
91 322
196 288
190 175
313 299
89 208
166 343
117 41
162 3
196 76
187 85
318 141
257 16
282 23
23 139
163 284
259 48
23 214
139 266
45 273
333 11
112 231
53 130
131 87
179 282
290 205
218 83
304 134
207 259
196 274
230 270
346 215
230 112
185 75
313 27
188 235
321 308
176 199
166 252
260 239
224 154
342 45
21 294
333 146
85 174
57 318
108 245
192 162
197 258
170 46
139 227
207 319
268 61
282 50
33 167
48 297
101 79
291 104
106 76
250 79
333 284
83 300
293 87
89 155
264 96
141 213
42 189
145 84
72 289
160 214
90 133
103 174
329 17
35 303
262 64
269 192
195 341
56 148
319 76
288 311
68 211
252 234
317 129
250 344
196 256
107 15
252 311
254 195
322 110
171 154
340 324
181 265
328 341
1 95
54 35
52 225
258 170
2 272
249 216
93 343
18 305
57 166
182 42
135 78
288 92
57 87
145 337
305 89
144 296
88 261
235 190
286 126
127 69
52 202
124 272
327 152
197 5
229 303
326 250
266 348
243 15
86 161
306 143
61 291
186 288
138 145
47 208
128 253
335 135
186 55
252 176
104 210
12 77
185 259
155 240
316 283
157 154
131 148
265 282
246 54
84 258
81 338
249 272
27 284
242 138
322 249
169 15
348 69
123 303
277 45
132 284
21 149
56 111
158 102
38 133
248 268
100 91
235 272
284 8
172 117
34 287
47 124
20 326
46 280
54 166
253 211
44 277
241 23
12 127
273 285
129 170
181 294
320 184
197 63
186 129
174 126
86 289
179 148
4 168
236 165
180 99
314 150
29 95
97 264
197 339
213 206
169 10
135 274
134 41
226 68
253 5
339 220
251 16
318 217
62 155
1 53
205 238
55 288
260 298
186 278
295 11
251 13
272 85
258 221
115 172
238 346
344 213
91 213
144 82
114 308
162 105
8 227
158 249
52 179
344 186
158 198
283 11
122 210
229 234
16 231
80 33
110 331
181 151
171 14
54 129
200 171
98 151
296 225
45 212
286 239
93 307
288 199
38 260
40 15
272 210
249 207
325 137
299 163
93 164
274 288
113 338
275 82
91 295
72 298
81 99
223 214
109 229
284 72
63 303
253 53
82 14
165 233
46 296
242 148
15 99
21 307
219 217
56 183
332 20
158 108
27 114
58 27
128 156
307 294
100 131
52 324
257 273
296 349
235 225
171 159
184 159
89 292
185 106
100 136
192 1
292 69
142 211
128 35
255 278
331 190
7 181
136 73
302 276
114 286
125 211
174 98
22 94
293 125
296 113
138 151
254 58
284 101
113 126
254 75
306 178
128 295
73 18
126 93
301 143
330 213
330 310
104 332
188 153
185 131
200 183
261 313
337 240
301 14
240 131
66 247
18 183
225 95
1 85
2 8
245 120
60 211
48 164
298 4
227 220
279 183
133 270
50 105
331 230
217 252
57 279
188 33
111 5
319 254
90 99
96 311
64 347
31 271
56 18
67 92
32 112
14 30
39 35
228 161
95 258
128 176
325 129
177 270
209 276
235 205
297 103
164 323
91 330
22 195
230 37
311 170
209 253
222 111
132 209
14 122
273 339
149 257
58 293
151 239
340 215
61 25
303 4
238 245
254 302
272 163
241 15
304 330
204 341
86 208
113 261
18 349
115 67
335 76
321 306
66 328
241 218
200 15
305 215
75 109
75 257
327 42
187 184
334 344
272 169
91 124
27 116
142 11
129 228
45 289
249 237
282 161
66 261
228 12
344 262
28 60
172 302
96 222
199 12
163 55
198 79
141 42
11 164
303 190
62 135
184 99
124 212
156 346
151 189
61 149
132 168
269 65
66 326
302 144
278 258
192 200
236 321
120 6
21 53
148 203
281 67
297 71
75 5
317 321
222 64
162 167
316 173
135 222
245 158
61 241
311 171
331 92
64 233
